1008.
1016.
938.
969.
984.
1055.
1039.
930.
961.
922.
906.
867.
875.
867.
875.
867.
844.
883.
906.
945.
930.
961.
1047.
1125.
1117.
1164.
1180.
1141.
1047.
1062.
1047.
1047.
1000.
1070.
1141.
1117.
1070.
1102.
1016.
938.
945.
922.
906.
922.
953.
984.
1023.
906.
930.
977.
1039.
1102.
1133.
1086.
1172.
1195.
1172.
1078.
1141.
1195.
1211.
1227.
1164.
1203.
1188.
1062.
945.
977.
1023.
1086.
1078.
1156.
1211.
1172.
1117.
1148.
1156.
1156.
1086.
1109.
1102.
1109.
1039.
1102.
1117.
1078.
1047.
1102.
1102.
1031.
1070.
1047.
1039.
1000.
1039.
1062.
1047.
992.
1047.
1078.
1039.
1086.
1078.
1055.
992.
1055.
1070.
1047.
1055.
1086.
1070.
992.
992.
1016.
984.
953.
1008.
1094.
1094.
1055.
1148.
1164.
1109.
1156.
1156.
1102.
1117.
1141.
1125.
1078.
1141.
1148.
1078.
1109.
1125.
1125.
1055.
1102.
1109.
1102.
1102.
1133.
1141.
1055.
945.
906.
922.
930.
1000.
1070.
1133.
1086.
1148.
1164.
1164.
1164.
1203.
1156.
1148.
1164.
1172.
1117.
1117.
1141.
1109.
1055.
1102.
1094.
1031.
1023.
1016.
977.
1016.
1047.
1031.
969.
1031.
1047.
1031.
1008.
1062.
1094.
1055.
1055.
1109.
1102.
1062.
1086.
1070.
1008.
1070.
1062.
1000.
1023.
1055.
1023.
1062.
1094.
1062.
1023.
1086.
1047.
1016.
1055.
1109.
1094.
1156.
1172.
1164.
1133.
1141.
1156.
1078.
1102.
1148.
1125.
1078.
1141.
1172.
1094.
1156.
1180.
1148.
1117.
1133.
1141.
1039.
1031.
1055.
1070.
1047.
1117.
1195.
1141.
1172.
1195.
1156.
1109.
1133.
1141.
1078.
1109.
1125.
1133.
1031.
1055.
1102.
1117.
1102.
1172.
1188.
1156.
1172.
1211.
1172.
1078.
1086.
1102.
1125.
1086.
1156.
1188.
1156.
1133.
1156.
1156.
1102.
1156.
1164.
1133.
1133.
1172.
1195.
1109.
1070.
1086.
1070.
1039.
1086.
1125.
1141.
1133.
1117.
1133.
1125.
1055.
1102.
1117.
1070.
1141.
1164.
1141.
1148.
1148.
1086.
1086.
1094.
1094.
1047.
1109.
1109.
1078.
1062.
1102.
1133.
1086.
1117.
1109.
1078.
1031.
1062.
1086.
1070.
1070.
1117.
1062.
1039.
1086.
1086.
1070.
1055.
1125.
1133.
1070.
1109.
1109.
1086.
1078.
1125.
1133.
1078.
1086.
1078.
1062.
1031.
1094.
1086.
1031.
1055.
1062.
1039.
1016.
1062.
1094.
1039.
1062.
1078.
1070.
1039.
1078.
1102.
1055.
1062.
1070.
1062.
992.
1055.
1094.
1055.
1094.
1133.
1102.
1062.
1094.
1109.
1047.
1078.
1102.
1094.
1039.
1078.
1086.
1055.
1031.
1070.
1055.
992.
1039.
1117.
1102.
1086.
1117.
1148.
1086.
1133.
1141.
1086.
1102.
1109.
1070.
1023.
1062.
1094.
1055.
1055.
1086.
1070.
1016.
1055.
1062.
1047.
977.
1016.
1055.
1031.
1102.
1117.
1117.
1078.
1117.
1109.
1055.
1102.
1078.
1070.
1102.
1125.
1078.
1117.
1156.
1102.
1078.
1102.
1102.
1031.
1055.
1062.
1102.
1031.
1039.
1070.
1094.
1047.
1070.
1125.
1047.
1094.
1102.
1016.
1047.
1086.
1047.
1086.
1102.
1086.
1047.
1039.
1062.
1000.
1023.
1031.
1016.
977.
1016.
1047.
1047.
1031.
1086.
1125.
1078.
1078.
1078.
1055.
992.
1023.
1047.
1016.
1047.
1078.
1070.
1031.
1070.
1062.
1047.
1008.
1062.
1078.
1039.
1062.
1078.
1078.
1016.
1047.
1078.
1047.
1008.
1039.
1055.
1031.
969.
1000.
1016.
984.
945.
984.
1000.
984.
969.
1031.
1070.
1031.
1070.
1102.
1102.
1055.
1086.
1094.
1031.
1023.
1023.
1062.
1031.
1070.
1125.
1133.
1086.
1156.
1109.
1047.
1070.
1086.
1031.
1023.
1039.
1055.
1008.
1078.
1086.
1062.
1055.
1109.
1102.
1039.
1078.
1109.
1062.
1055.
1070.
1062.
1008.
1047.
1055.
1008.
1023.
1078.
1055.
1000.
1039.
1070.
1062.
1062.
1109.
1125.
1039.
1062.
1070.
1055.
1000.
1055.
1062.
1039.
1070.
1102.
1070.
1023.
1070.
1078.
1031.
1070.
1117.
1047.
1031.
1039.
1039.
992.
1023.
1086.
1086.
1023.
1078.
1070.
1039.
984.
1047.
1039.
1000.
1008.
1055.
1094.
1023.
1047.
1062.
1055.
984.
1039.
1070.
1055.
992.
1047.
1055.
1023.
1031.
1062.
1094.
1023.
1055.
1078.
1031.
1016.
1039.
1047.
1000.
1023.
1094.
1078.
1047.
1070.
1062.
1039.
984.
1039.
1055.
1031.
992.
1047.
1070.
1047.
1023.
1039.
1039.
1016.
1016.
1094.
1117.
1055.
1133.
1148.
1117.
1023.
1055.
1070.
1016.
1031.
1070.
1070.
1023.
1078.
1102.
1055.
1094.
1102.
1039.
1078.
1070.
1062.
992.
1023.
1039.
1016.
1023.
1039.
1031.
984.
992.
1023.
1023.
961.
984.
1016.
992.
969.
1023.
1023.
1008.
1031.
1039.
1000.
1016.
1031.
1023.
984.
1047.
1109.
1094.
1055.
1070.
1078.
984.
1023.
1039.
1062.
1008.
1062.
1094.
1047.
1062.
1070.
1062.
1000.
1055.
1070.
1062.
984.
1031.
1031.
1008.
1000.
1055.
1062.
1023.
1023.
1070.
1047.
1000.
1055.
1086.
1062.
1062.
1086.
1070.
1016.
1047.
1062.
1023.
1016.
1062.
1047.
1000.
1023.
1070.
1031.
1031.
1070.
1055.
1000.
1000.
1016.
1008.
969.
1023.
1078.
1047.
1062.
1102.
1117.
1055.
1070.
1070.
1055.
992.
1047.
1086.
1070.
1070.
1125.
1094.
992.
977.
906.
883.
867.
875.
875.
883.
961.
1039.
1102.
1086.
1141.
1156.
1148.
1109.
1141.
1141.
1078.
1086.
1078.
1086.
1016.
1023.
1062.
1047.
1008.
1016.
1078.
1078.
1031.
1062.
1062.
1031.
961.
992.
992.
1016.
969.
1016.
1070.
1078.
1016.
1008.
1039.
1031.
977.
1016.
1078.
1102.
1039.
1047.
1086.
1070.
1016.
1078.
1109.
1062.
1062.
1086.
1070.
1008.
1047.
1062.
1016.
1078.
1117.
1117.
1055.
1109.
1086.
1031.
1086.
1094.
1062.
1086.
1102.
1109.
1031.
1062.
1094.
1070.
1062.
1141.
1141.
1078.
1117.
1102.
1062.
1055.
1062.
1047.
1000.
1062.
1086.
1055.
1062.
1078.
1047.
1000.
1039.
1062.
992.
1023.
1031.
1039.
1000.
1016.
1039.
1055.
1031.
1078.
1109.
1086.
1070.
1062.
1062.
1016.
1055.
1078.
1047.
1078.
1148.
1133.
1109.
1125.
1078.
1047.
1070.
1047.
1023.
1078.
1102.
1047.
1102.
1109.
1062.
1062.
1086.
1070.
1016.
1031.
1070.
1062.
1000.
1023.
1039.
1031.
1047.
1062.
1062.
992.
1047.
1031.
1008.
1016.
1039.
1039.
984.
1039.
1078.
1070.
1023.
1086.
1055.
1008.
1039.
1062.
1031.
1055.
1102.
1117.
1039.
1086.
1086.
1047.
1047.
1070.
1086.
1039.
1094.
1109.
1141.
1031.
1094.
1102.
1023.
1023.
1039.
1000.
1000.
1039.
1023.
1000.
1062.
1102.
1109.
1047.
1070.
1078.
1023.
1062.
1086.
1086.
1016.
1055.
1062.
1062.
1047.
1094.
1109.
1016.
1000.
1031.
1078.
1031.
1094.
1117.
1086.
992.
1000.
969.
883.
844.
727.
703.
672.
688.
727.
727.
781.
789.
781.
781.
766.
742.
703.
711.
695.
672.
672.
688.
695.
711.
758.
797.
789.
805.
805.
836.
891.
922.
961.
992.
1016.
953.
938.
930.
969.
992.
1039.
1062.
1086.
1156.
1086.
1047.
1039.
1055.
1078.
1055.
1047.
1109.
1148.
1164.
1117.
1148.
1109.
1047.
992.
1055.
1086.
1102.
1055.
1078.
1078.
1102.
1062.
1141.
1164.
1133.
1148.
1156.
1109.
1070.
1109.
1078.
1062.
1016.
1070.
1078.
1070.
1000.
1031.
1062.
1031.
977.
1047.
1078.
1094.
1047.
1055.
1078.
1070.
1008.
1047.
1062.
1055.
1055.
1109.
1086.
1039.
1031.
1078.
1000.
1039.
1070.
1086.
1023.
1055.
1094.
1070.
1031.
1023.
1062.
1031.
992.
1016.
1039.
1031.
1086.
1109.
1094.
1055.
1102.
1117.
1086.
1023.
1055.
1055.
984.
984.
1016.
1047.
1039.
1070.
1125.
1117.
1062.
1109.
1109.
1055.
1047.
1078.
1039.
1047.
1109.
1117.
1055.
1094.
1102.
1055.
1000.
1016.
1008.
961.
992.
1031.
1062.
1023.
1039.
1055.
1055.
1000.
1039.
1031.
1039.
1000.
1055.
1094.
1062.
1070.
1094.
1062.
1062.
1086.
1023.
1062.
1078.
1070.
1008.
1062.
1070.
1078.
992.
1062.
1055.
1023.
1039.
1055.
1016.
1039.
1086.
1062.
1062.
1094.
1086.
992.
1031.
1047.
1039.
1000.
1047.
1062.
1062.
992.
1031.
1055.
1016.
1023.
1047.
1070.
1055.
1039.
1062.
1086.
1023.
1055.
1078.
1047.
992.
1016.
1047.
992.
1031.
1062.
1031.
1031.
1078.
1102.
1039.
1078.
1086.
1031.
1047.
1062.
1055.
1000.
1023.
1055.
1055.
992.
1055.
1086.
1062.
1000.
1039.
1047.
1008.
953.
1000.
1055.
1031.
1055.
1109.
1102.
1047.
1070.
1086.
1070.
1008.
1055.
1062.
1023.
1016.
1023.
1016.
945.
961.
984.
992.
961.
1000.
1062.
1070.
1016.
1062.
1070.
1039.
977.
1023.
1062.
1062.
1016.
1055.
1070.
1062.
992.
1023.
1062.
1039.
1039.
1070.
1086.
1055.
1039.
1055.
1055.
1000.
1016.
1055.
1031.
1016.
1031.
1008.
1008.
977.
953.
969.
977.
1000.
1039.
1070.
1047.
1102.
1117.
1055.
1047.
1102.
1109.
1062.
1094.
1133.
1102.
1078.
1070.
1070.
992.
1008.
1039.
1023.
1008.
1078.
1062.
1055.
984.
1039.
1039.
1031.
969.
977.
992.
1008.
977.
992.
1016.
1023.
953.
1000.
1023.
1023.
992.
1031.
1055.
1039.
1000.
1039.
1047.
1008.
1039.
1062.
1062.
1023.
1023.
1023.
984.
945.
961.
977.
1008.
977.
1039.
1078.
1078.
992.
1031.
1023.
1016.
938.
969.
992.
969.
992.
1039.
1055.
1000.
992.
992.
984.
953.
961.
1000.
1039.
1000.
1047.
1094.
1055.
1023.
1047.
1070.
1008.
1016.
1055.
1047.
984.
1031.
1031.
1023.
977.
1000.
1016.
1016.
969.
1039.
1047.
1016.
1031.
1062.
1062.
1031.
1086.
1125.
1125.
1000.
977.
1000.
1000.
1016.
1094.
1070.
1047.
1000.
1102.
1125.
1086.
1109.
1141.
1094.
1094.
1078.
1086.
1039.
1062.
1078.
1109.
1062.
1086.
1109.
1094.
1023.
1047.
1023.
1016.
977.
1023.
1039.
1008.
1023.
1047.
1055.
992.
1008.
1023.
1031.
969.
992.
1023.
1031.
1000.
1000.
1047.
1086.
1031.
1008.
977.
945.
930.
906.
898.
859.
883.
859.
883.
875.
953.
1023.
1117.
1086.
1039.
1102.
1141.
1164.
1094.
1117.
1133.
1133.
1078.
1141.
1133.
1227.
1203.
1203.
1141.
1078.
1000.
1016.
1047.
1062.
1039.
1031.
1000.
992.
961.
977.
1031.
1023.
1016.
1062.
1062.
1070.
1016.
1039.
1062.
1039.
984.
1047.
1062.
1047.
1023.
1117.
1117.
1094.
1102.
1117.
1117.
1039.
1078.
1062.
1047.
984.
1039.
1070.
1070.
1062.
1125.
1164.
1102.
1078.
1078.
1062.
1023.
1078.
1102.
1086.
1039.
1078.
1094.
1055.
1055.
1070.
1070.
1023.
1062.
1062.
1047.
1031.
1047.
1086.
1047.
1023.
1016.
1039.
1016.
1016.
1047.
1078.
1031.
1070.
1070.
1047.
1062.
1070.
1062.
1016.
1047.
1062.
1086.
1031.
1086.
1109.
1086.
1031.
1062.
1062.
1039.
984.
1008.
1039.
1023.
1031.
1078.
1086.
1023.
1055.
1070.
1055.
1016.
1055.
1055.
984.
1016.
1055.
1055.
1000.
1031.
1078.
1086.
1039.
1062.
1094.
1094.
1023.
1070.
1094.
1062.
1008.
1016.
1031.
1023.
984.
1047.
1094.
1070.
1086.
1094.
1125.
1062.
1117.
1109.
1094.
1102.
1117.
1078.
1055.
1086.
1070.
1039.
1070.
1047.
1000.
1031.
1102.
1062.
1008.
1047.
1055.
1008.
1062.
1094.
1078.
1055.
1070.
1086.
1047.
1070.
1102.
1086.
1055.
1086.
1078.
1031.
1039.
1023.
1000.
969.
984.
992.
961.
1023.
1078.
1023.
1047.
1094.
1086.
1055.
1078.
1070.
1062.
1055.
1078.
1055.
1008.
1055.
1070.
1062.
1047.
1078.
1086.
1047.
1070.
1047.
992.
992.
1008.
1016.
969.
1000.
1031.
1016.
1031.
1062.
1086.
1039.
1070.
1102.
1047.
1047.
1062.
1062.
1016.
1047.
1047.
1008.
992.
1039.
1055.
1016.
1047.
1078.
1078.
1023.
1078.
1078.
1047.
1062.
1062.
1070.
1000.
1031.
1055.
1055.
992.
1039.
1047.
1062.
1023.
1039.
1047.
1008.
977.
1008.
992.
984.
1008.
1008.
1031.
1000.
1047.
1070.
1039.
1008.
1047.
1039.
1008.
1000.
1023.
1055.
1039.
1023.
1039.
1031.
930.
898.
883.
867.
859.
836.
867.
820.
820.
820.
828.
797.
742.
812.
844.
820.
852.
883.
930.
977.
1031.
1055.
1062.
1070.
1070.
1070.
1086.
1086.
1125.
1141.
1164.
1133.
1148.
1133.
1133.
1164.
1148.
1125.
1086.
1086.
1086.
1062.
992.
1039.
1062.
1094.
1031.
984.
977.
1070.
1023.
1078.
1094.
1109.
1055.
1078.
1102.
1039.
1047.
1039.
1000.
992.
1047.
1102.
1086.
1070.
1141.
1148.
1094.
1133.
1109.
1094.
1039.
1078.
1109.
1078.
1070.
1102.
1094.
1062.
1039.
1047.
1062.
1008.
1016.
1031.
1031.
1008.
1039.
1055.
1039.
1008.
1062.
1070.
1016.
1062.
1062.
1070.
1023.
1039.
1039.
1023.
992.
1039.
1102.
1062.
1102.
1141.
1133.
1117.
1148.
1094.
1039.
1062.
1070.
1070.
1047.
1070.
1070.
1031.
1070.
1094.
1086.
1047.
1086.
1094.
1055.
1078.
1078.
1055.
1008.
1047.
1062.
1008.
1016.
1039.
1000.
977.
1016.
1047.
1031.
1078.
1117.
1094.
1094.
1102.
1094.
1047.
1062.
1070.
1055.
1023.
1055.
1062.
1031.
1070.
1102.
1094.
1039.
1086.
1117.
1086.
1062.
1062.
1086.
1031.
1039.
1047.
1062.
1023.
1078.
1109.
1086.
977.
930.
992.
1023.
1055.
1023.
1070.
1117.
1125.
1039.
1070.
1055.
1070.
1008.
977.
938.
906.
867.
891.
875.
852.
852.
922.
977.
1078.
1117.
1211.
1227.
1188.
1164.
1164.
1148.
1102.
1109.
1102.
1086.
1047.
1078.
1102.
1117.
1086.
1125.
1109.
1086.
1078.
1070.
1062.
1008.
1008.
1000.
1008.
969.
984.
1000.
984.
953.
1000.
1055.
1070.
1047.
1078.
1070.
969.
992.
1008.
992.
969.
1031.
1094.
1102.
1141.
1133.
1086.
992.
1000.
992.
1008.
1000.
1062.
1094.
1117.
1102.
1125.
1117.
1109.
1125.
1148.
1148.
1078.
1102.
1086.
1070.
1078.
1102.
1094.
1047.
1078.
1094.
1047.
1078.
1062.
992.
1031.
1039.
1023.
1008.
1070.
1078.
1039.
1023.
1062.
1062.
1023.
1070.
1070.
1047.
992.
1055.
1086.
1070.
1078.
1133.
1156.
1094.
1133.
1102.
1109.
1125.
1117.
1070.
1062.
1078.
1031.
1070.
1102.
1125.
1062.
1094.
1133.
1102.
1039.
1062.
1039.
1008.
1023.
1031.
1000.
1039.
1078.
1070.
1016.
1062.
1055.
1008.
1023.
1047.
1055.
1039.
1070.
1086.
1078.
1047.
1078.
1070.
1016.
1070.
1094.
1078.
1031.
1039.
1055.
1055.
1047.
1055.
1055.
1000.
1062.
1062.
1031.
1023.
1031.
1023.
969.
992.
1008.
969.
922.
961.
1000.
1008.
1000.
1031.
1039.
1016.
1008.
1023.
1047.
1008.
1023.
1062.
1078.
1047.
1070.
1086.
1047.
1039.
1062.
1070.
1039.
1086.
1117.
1102.
1047.
1070.
1086.
1039.
984.
1016.
1047.
1055.
1008.
1070.
1086.
1055.
1062.
1078.
1070.
1086.
1094.
1031.
1047.
1055.
1055.
1047.
1094.
1117.
1094.
1086.
1102.
1102.
1062.
1055.
1078.
1070.
1039.
1055.
1055.
1031.
1039.
1039.
1039.
992.
1023.
1031.
984.
1008.
1031.
1039.
1000.
992.
1031.
1039.
992.
1000.
1016.
1031.
977.
1031.
1047.
1031.
1047.
1086.
1070.
1023.
1055.
1055.
1070.
1031.
1055.
1078.
1055.
1062.
1055.
1031.
961.
1000.
1031.
1039.
1070.
1094.
1062.
1000.
1016.
1039.
1008.
953.
1000.
1008.
984.
1023.
1055.
1062.
1023.
1031.
1055.
1031.
992.
1016.
1023.
1016.
984.
1008.
1016.
1008.
969.
1023.
1047.
1055.
1031.
1062.
1086.
1039.
1062.
1086.
1039.
1031.
1055.
1055.
1008.
1039.
1047.
1055.
1000.
1039.
1070.
1070.
1016.
1062.
1062.
1047.
1008.
1047.
1023.
1039.
1000.
1023.
1047.
1047.
1008.
1055.
1070.
1039.
992.
1016.
1055.
1008.
1039.
1039.
1062.
1008.
1062.
1062.
1062.
1016.
1062.
1078.
1039.
1047.
1078.
1023.
1031.
1062.
1062.
1016.
1047.
1055.
1039.
1000.
1039.
1047.
1016.
1031.
1062.
1094.
1047.
1062.
1102.
1094.
1023.
1031.
1039.
1031.
992.
1031.
1047.
1016.
1031.
1047.
1039.
977.
1016.
1008.
1023.
1000.
1008.
1039.
1062.
1016.
1055.
1055.
1031.
992.
992.
992.
961.
945.
1000.
1047.
1039.
1031.
1102.
1102.
1062.
1109.
1109.
1062.
1109.
1117.
1070.
1047.
1047.
1047.
1008.
1031.
1055.
1062.
1016.
1070.
1102.
1070.
1016.
1047.
1055.
1039.
1023.
1047.
1039.
1008.
1039.
1031.
1031.
1062.
1078.
1086.
1023.
1055.
1086.
1062.
1031.
1070.
1086.
1055.
1070.
1094.
1086.
1008.
1031.
1047.
1016.
992.
1023.
1023.
953.
969.
977.
977.
977.
984.
1031.
1016.
1023.
1062.
1070.
1016.
1023.
1008.
984.
938.
969.
1016.
992.
1023.
1062.
1086.
1039.
984.
945.
914.
875.
875.
914.
961.
1039.
1000.