992.
1008.
1023.
1000.
1047.
1086.
1031.
1055.
1023.
969.
1023.
1062.
1039.
1078.
1086.
1016.
1023.
1039.
1023.
984.
1031.
1039.
1039.
1086.
1086.
1023.
1047.
1062.
1023.
984.
977.
1016.
969.
1008.
1047.
1031.
1031.
1047.
1023.
992.
1016.
992.
992.
1023.
1008.
984.
1039.
1031.
1008.
1047.
1062.
1031.
1039.
1047.
1023.
984.
1023.
1039.
1008.
1039.
1062.
1047.
1008.
1039.
1047.
1008.
1031.
1047.
1008.
984.
1008.
1023.
1000.
984.
1016.
1000.
992.
1039.
1039.
1000.
1062.
1070.
1023.
1055.
1062.
1031.
969.
1016.
1023.
1000.
1016.
1031.
1047.
1016.
1070.
1070.
1031.
1039.
1047.
1023.
992.
1047.
1031.
1000.
1047.
1055.
1000.
1023.
1023.
1000.
984.
1031.
1039.
1000.
1016.
1055.
1094.
1023.
1047.
1062.
1016.
1023.
1055.
1062.
1008.
1062.
1055.
1023.
1008.
1031.
1016.
984.
1023.
1039.
1047.
1070.
1125.
1094.
1078.
1094.
1102.
1031.
1055.
1047.
977.
1023.
1039.
1000.
1031.
1062.
1039.
1000.
1031.
1070.
1031.
1070.
1102.
1047.
1062.
1078.
1039.
1055.
1094.
1070.
1039.
1078.
1062.
1016.
1039.
1055.
1016.
1008.
1031.
1008.
977.
1016.
1062.
1031.
1047.
1047.
1031.
1047.
1086.
1086.
1062.
1109.
1125.
1070.
1102.
1102.
1039.
1062.
1055.
1016.
1062.
1102.
1070.
1039.
1055.
1062.
1008.
1000.
1000.
1000.
961.
1008.
1039.
1008.
992.
1055.
1008.
1016.
1031.
1023.
969.
1031.
1023.
992.
1023.
1023.
1000.
1031.
1062.
1016.
1023.
1062.
1055.
1000.
1039.
1055.
1008.
1000.
1023.
1016.
984.
1023.
1039.
992.
1031.
1039.
1023.
992.
1000.
1008.
977.
1000.
1016.
992.
969.
1000.
1031.
992.
1039.
1031.
1016.
984.
1016.
1023.
1000.
1031.
1039.
1008.
1016.
1062.
1039.
1008.
1047.
1047.
1016.
1031.
1055.
1016.
1016.
1031.
1023.
984.
1023.
1016.
984.
992.
1008.
1000.
992.
1031.
1031.
1000.
1047.
1047.
1016.
1008.
1039.
1016.
977.
992.
1031.
992.
1016.
1039.
1039.
1000.
1039.
1039.
1008.
1047.
1078.
1047.
1062.
1078.
1031.
1047.
1062.
1000.
969.
1008.
1000.
961.
992.
1008.
1000.
984.
1023.
1039.
992.
1031.
1047.
1031.
1008.
1055.
1062.
1016.
1047.
1055.
1008.
1062.
1062.
1031.
984.
992.
961.
922.
969.
984.
992.
1023.
1070.
1047.
1016.
1039.
1039.
992.
1031.
1039.
1016.
1039.
1047.
1109.
1078.
1086.
1055.
984.
1031.
1031.
992.
1031.
1078.
1062.
1000.
1047.
1062.
1016.
992.
1039.
1016.
1000.
1031.
1039.
1008.
1023.
1016.
984.
1023.
1016.
1008.
1023.
1047.
1016.
1008.
1047.
1039.
1000.
1031.
1047.
1000.
1055.
1062.
1039.
1055.
1070.
1109.
1008.
1047.
1055.
1023.
1039.
1055.
1031.
1023.
1039.
1008.
961.
1008.
1000.
977.
1008.
1023.
992.
1008.
1031.
1023.
1000.
1031.
1031.
1016.
1047.
1062.
1031.
1047.
1047.
1008.
1008.
1023.
992.
1055.
1055.
1023.
1031.
1047.
984.
1008.
1008.
977.
969.
1000.
992.
977.
1000.
977.
938.
969.
953.
961.
969.
1039.
1055.
1031.
1062.
1062.
1023.
1047.
1039.
1000.
1039.
1047.
1000.
1047.
1023.
1008.
1000.
1016.
984.
953.
992.
992.
977.
1023.
1039.
1008.
1062.
1055.
1016.
1008.
1016.
1000.
961.
1016.
1023.
1000.
984.
1008.
1000.
977.
1047.
1031.
1008.
1023.
1062.
1023.
1039.
1062.
1023.
1039.
1047.
1039.
1000.
1031.
1070.
1023.
1055.
1070.
1023.
1016.
1023.
1000.
977.
1000.
1031.
992.
992.
1031.
1055.
1055.
1109.
1109.
1039.
1008.
1016.
1023.
977.
992.
1031.
1023.
1008.
1023.
1039.
992.
984.
1000.
1008.
977.
1023.
1055.
1031.
1023.
1031.
1008.
969.
984.
984.
961.
1008.
1008.
992.
1031.
1055.
1008.
1008.
1070.
1039.
992.
1031.
1039.
992.
1008.
1023.
1016.
992.
1031.
1039.
1023.
1047.
1062.
1000.
1039.
1062.
1016.
1023.
1047.
1031.
977.
1016.
1008.
969.
1016.
1039.
984.
1016.
1008.
992.
977.
1016.
1047.
992.
1023.
1047.
1000.
1023.
1039.
1016.
1000.
1023.
1023.
977.
1008.
1023.
992.
977.
1023.
1055.
1016.
1016.
1023.
977.
961.
1000.
984.
977.
1023.
1055.
1008.
1031.
1023.
984.
1031.
1047.
1000.
1000.
1039.
1047.
1000.
1039.
1047.
1000.
1023.
1031.
1016.
977.
1000.
992.
945.
992.
1016.
984.
1008.
1023.
1031.
984.
1039.
1031.
1000.
1055.
1055.
1023.
1070.
1078.
1023.
1055.
1047.
1000.
1016.
1008.
984.
992.
1031.
1031.
984.
1047.
945.
773.
844.
938.
1000.
1062.
1117.
1109.
1031.
1023.
1039.
984.
1016.
1031.
992.
1047.
1039.
1016.
1047.
1039.
1023.
969.
1039.
1023.
992.
1008.
1023.
992.
1031.
1031.
969.
992.
930.
898.
906.
859.
844.
805.
797.
805.
836.
953.
1078.
1039.
1062.
1086.
1031.
1055.
1086.
1008.
1078.
1109.
1039.
1047.
1094.
1062.
1000.
1070.
1094.
1000.
1008.
1016.
977.
1008.
1031.
1039.
1000.
1070.
1047.
1000.
1039.
1023.
992.
1000.
1016.
1016.
977.
1031.
1023.
984.
969.
1000.
977.
961.
1008.
1039.
992.
1031.
1047.
1000.
1055.
1047.
992.
1016.
1031.
1023.
984.
1023.
1023.
977.
1016.
1023.
1023.
992.
1031.
1062.
1008.
1031.
1047.
1031.
984.
1016.
1023.
984.
1016.
1039.
1008.
1023.
1047.
1016.
1008.
1055.
1070.
1016.
1008.
1031.
1023.
992.
1031.
1016.
1000.
984.
1023.
1039.
992.
1023.
1039.
1023.
977.
1016.
1016.
992.
969.
1008.
1016.
992.
1016.
1023.
1031.
984.
1031.
1047.
1008.
1008.
1047.
1016.
805.
773.
781.
836.
852.
906.
945.
969.
930.
883.
836.
781.
766.
742.
727.
727.
742.
750.
742.
758.
750.
758.
766.
781.
805.
891.
984.
1055.
1008.
1016.
1062.
992.
938.
953.
984.
953.
1000.
1023.
992.
945.
969.
969.
992.
984.
1008.
1000.
1047.
1094.
1023.
1000.
1008.
1000.
961.
1008.
1000.
969.
992.
1016.
1008.
1008.
1047.
1047.
1039.
1023.
977.
961.
992.
992.
977.
1016.
1023.
992.
1000.
1000.
977.
1016.
1055.
1109.
1023.
1047.
1055.
1016.
1008.
1016.
984.
1031.
1047.
1023.
1070.
1078.
1047.
1062.
1047.
1031.
992.
1016.
1023.
984.
1016.
1000.
969.
977.
984.
945.
992.
1008.
977.
984.
1016.
1016.
984.
1016.
1047.
992.
984.
1023.
1008.
992.
1016.
1008.
961.
992.
1000.
992.
961.
1000.
1023.
1000.
1023.
1055.
1016.
1016.
1023.
1000.
1008.
1023.
1000.
1016.
1023.
992.
1008.
1000.
969.
969.
977.
969.
977.
1000.
969.
969.
977.
977.
953.
969.
969.
953.
977.
992.
953.
969.
1008.
1008.
984.
1000.
1000.
969.
977.
969.
930.
945.
953.
961.
961.
984.
992.
977.
1016.
1062.
1070.
1055.
1094.
1078.
1016.
1047.
1039.
1008.
1008.
984.
969.
984.
1039.
1047.
1023.
1094.
1133.
1094.
1148.
1086.
1016.
1031.
1039.
1016.
1008.
1047.
1039.
1031.
1078.
1031.
984.
984.
1016.
1008.
1016.
1086.
1070.
1023.
1055.
1047.
1008.
1031.
1039.
1008.
1031.
1031.
1008.
1000.
1031.
1008.
977.
1000.
984.
977.
1016.
992.
984.
969.
1016.
969.
969.
992.
1000.
977.
992.
984.
961.
961.
984.
977.
938.
969.
961.
938.
961.
977.
1008.
984.
1047.
1062.
1031.
1008.
1008.
984.
945.
992.
1000.
992.
1039.
1172.
1133.
1070.
1039.
953.
906.
953.
953.
945.
984.
1023.
1031.
977.
1023.
1008.
961.
945.
961.
977.
938.
961.
945.
930.
961.
961.
977.
945.
992.
1008.
984.
1000.
1008.
969.
953.
984.
984.
938.
961.
977.
953.
922.
977.
977.
953.
992.
969.
1016.
945.
930.
938.
914.
883.
844.
805.
812.
875.
930.
1008.
1055.
1039.
1031.
1062.
1055.
992.
992.
1000.
977.
945.
1008.
1031.
1008.
1047.
1078.
1047.
1055.
1031.
961.
930.
922.
922.
945.
1031.
1086.
1039.
1055.
1055.
1047.
1039.
1016.
977.
1000.
1031.
1016.
984.
1000.
1008.
992.
969.
1008.
1016.
1008.
1016.
1031.
1016.
1031.
1031.
1023.
984.
1016.
1039.
992.
969.
930.
906.
938.
969.
953.
992.
1039.
1016.
1000.
984.
953.
938.
945.
969.
953.
977.
1008.
1031.
992.
1016.
1031.
992.
992.
1008.
1008.
977.
984.
984.
977.
992.
1039.
1062.
1023.
1047.
1023.
984.
984.
992.
984.
977.
1000.
1023.
977.
1016.
1023.
1000.
992.
969.
922.
906.
938.
945.
922.
945.
977.
1008.
977.
992.
1008.
984.
953.
977.
977.
945.
930.
992.
1047.
1031.
1055.
1062.
1023.
1023.
1039.
1031.
977.
969.
992.
984.
1031.
1070.
1094.
1078.
1078.
1031.
977.
977.
961.
938.
953.
977.
953.
930.
945.
961.
898.
867.
852.
852.
844.
891.
945.
1039.
1055.
1094.
1094.
1070.
1070.
1047.
1008.
1023.
1031.
1008.
1008.
1016.
1000.
969.
992.
1016.
969.
984.
992.
977.
953.
992.
1016.
1000.
1008.
1023.
992.
1023.
1031.
992.
961.
961.
977.
938.
961.
977.
1000.
977.
1016.
1031.
1016.
1023.
1031.
1008.
1008.
1000.
977.
992.
1047.
1016.
1031.
1062.
1078.
1039.
1047.
1039.
1008.
1000.
1008.
984.
984.
1016.
977.
961.
977.
977.
977.
984.
984.
969.
992.
1008.
992.
1008.
1031.
1031.
1008.
1008.
1000.
969.
1008.
1047.
1039.
1062.
1109.
1094.
1047.
1039.
1000.
938.
938.
945.
922.
953.
977.
992.
977.
1023.
1047.
1016.
1023.
1031.
992.
1008.
1016.
992.
992.
1023.
1055.
1008.
1023.
1023.
1023.
1016.
1023.
1016.
969.
984.
1000.
992.
961.
992.
984.
953.
984.
1023.
1016.
992.
1000.
1023.
992.
1008.
1016.
984.
992.
1023.
1000.
961.
977.
977.
953.
969.
992.
984.
984.
1008.
1008.
984.
1023.
1055.
1016.
1039.
1062.
1039.
1055.
1078.
1047.
1000.
1031.
1047.
1008.
1008.
1031.
1055.
1008.
1023.
977.
945.
961.
977.
969.
1023.
1055.
1016.
1047.
1039.
1008.
1008.
1008.
992.
961.
1000.
1008.
984.
984.
992.
992.
977.
1031.
1039.
1031.
1023.
1008.
969.
961.
984.
977.
961.
1023.
1023.
1008.
992.
1031.
1047.
1031.
1086.
1094.
1047.
1008.
1000.
1000.
984.
1008.
1023.
1000.
1023.
1031.
1023.
1016.
1070.
1047.
1000.
1008.
1008.
984.
961.
1008.
1047.
1008.
1008.
1016.
984.
969.
1000.
1023.
1008.
1016.
1047.
1031.
992.
1008.
977.
938.
969.
1016.
1000.
992.
1031.
1016.
992.
1031.
1047.
1008.
1047.
1031.
1008.
1039.
1039.
1000.
961.
969.
977.
945.
969.
984.
992.
1016.
1031.
1008.
1000.
1000.
1000.
953.
961.
984.
969.
938.
992.
1039.
1023.
1000.
1031.
1008.
969.
977.
992.
992.
961.
992.
992.
969.
1000.
1008.
1008.
992.
1000.
977.
1008.
1016.
969.
977.
1016.
984.
992.
1000.
1000.
961.
992.
1000.
992.
1016.
1047.
1000.
984.
969.
922.
914.
977.
984.
984.
1000.
1016.
1008.
1039.
1055.
1039.
1047.
1055.
1023.
984.
977.
984.
953.
977.
961.
969.
992.
1000.
1000.
969.
1008.
1008.
977.
984.
992.
984.
984.
1008.
1039.
1008.
1000.
1008.
1016.
1023.
1039.
1039.
1031.
1039.
1008.
1008.
1062.
1078.
1023.
1016.
1039.
992.
1031.
1039.
1023.
1031.
1031.
1016.
992.
1008.
984.
953.
977.
1008.
1000.
1008.
1000.
1000.
961.
984.
1023.
1023.
1016.
1039.
1055.
992.
1008.
1016.
992.
1008.
1047.
1055.
1047.
1039.
1039.
984.
1000.
984.
961.
984.
984.
1000.
992.
1000.
984.
930.
945.
938.
914.
953.
1000.
977.
1008.
1016.
1000.
984.
1000.
1008.
1000.
1000.
1039.
1039.
1016.
1023.
1039.
1031.
1023.
1008.
953.
984.
1008.
1016.
1070.
1086.
1078.
1078.
1094.
1039.
1031.
1016.
992.
969.
1023.
1016.
1000.
1008.
1023.
992.
969.
1008.
1016.
977.
977.
984.
992.
961.
1008.
1023.
992.
1016.
1023.
984.
945.
953.
992.
984.
1008.
1016.
1023.
1000.
1055.
1023.
984.
992.
1016.
1000.
1031.
1055.
1016.
1000.
1023.
1039.
1000.
984.
1016.
992.
961.
953.
992.
961.
969.
1008.
977.
992.
969.
953.
977.
992.
984.
977.
1016.
1016.
984.
1023.
1031.
1000.
1008.
1023.
1000.
1000.
1008.
1031.
1016.
1016.
1039.
1016.
1047.
1031.
1016.
1008.
1031.
1086.
1070.
1109.
1102.
1078.
1102.
1086.
1070.
1055.
1086.
1039.
984.
992.
1008.
984.
961.
984.
1000.
977.
1008.
1023.
1016.
977.
992.
992.
961.
1008.
1008.
977.
961.
977.
969.
945.
984.
1023.
984.
992.
1000.
1008.
969.
977.
969.
961.
930.
867.
859.
828.
891.
953.
953.
984.
1000.
1016.
984.
1008.
1023.
977.
1023.
1023.
984.
969.
984.
977.
961.
984.
992.
969.
1000.
1008.
1000.
1008.
1008.
984.
977.
1000.
969.
945.
961.
961.
930.
945.
938.
930.
930.
953.
984.
938.
969.
977.
945.
945.
969.
992.
953.
1008.
1031.
992.
977.
1008.
1016.
961.
977.
984.
977.
945.
977.
984.
1016.
953.
953.
938.
891.
875.
836.
828.
773.
797.
812.
828.
836.
836.
805.
789.
828.
883.
914.
922.
969.
1016.
1008.
1008.
1070.
1094.
1047.
1109.
1109.
1070.
1023.
1031.
1031.
984.
992.
1000.
992.
1016.
1016.
1023.
1008.
1031.
977.
953.
984.
992.
961.
969.
1016.
977.
1000.
969.
984.
969.
953.
930.
961.
1008.
1000.
1023.
1109.
1109.
1055.
1094.
1078.
1008.
1023.
1023.
992.
977.
1008.
1023.
969.
984.
1016.
1016.
977.
1000.
1000.
961.
945.
977.
969.
938.
961.
953.
945.
938.
961.
977.
992.
977.
1023.
1008.
992.
1016.
1016.
1008.
969.
984.
984.
953.
969.
992.
984.
961.
984.
1000.
977.
1000.
1023.
1016.
977.
1031.
1016.
1000.
992.
1000.
1016.
969.
1016.
1031.
1031.
1000.
1023.
1047.
1016.
1016.
1031.
1000.
961.
992.
984.
938.
969.
977.
961.
938.
969.
984.
953.
977.
977.
984.
969.
1016.
1039.
1031.
1039.
1031.
1039.
1000.
1039.
1008.
977.
1000.
992.
992.
961.
1000.
1008.
992.
1000.
1031.
1055.
1008.
1023.
1031.
1000.
984.
1000.
1016.
961.
1000.
1008.
977.
977.
992.
992.
945.
1000.
977.
953.
961.
969.
945.
961.
992.
992.
977.
1016.
1055.
1000.
1008.
1031.
1000.
992.
1016.
992.
953.
992.
1008.
977.
1000.
1016.
1000.
969.
984.
992.
977.
969.
977.
984.
961.
977.
1000.
984.
961.
969.
992.
953.
984.
1000.
977.
961.
969.
961.
938.
953.
969.
945.
953.
961.
961.
945.
984.
1016.
984.
984.
1000.
1016.
984.
1008.
1023.
1023.
977.
1016.
1023.
992.
992.
1016.
977.
1000.
1008.
977.
945.
969.
961.
945.
945.
977.
977.
945.
992.
992.
969.
977.
992.
977.
930.
961.
1000.
969.
961.
992.
992.
945.
961.
961.
992.
953.
992.
1000.
1000.
969.
1008.
1016.
992.
977.
1023.
1023.
1000.
1031.
1016.
1016.
1008.
1023.
1008.
961.
984.
984.
961.
945.
984.
977.
945.
945.
953.
953.
922.
953.
961.
922.
945.
977.
977.
969.
977.
1008.
992.
1016.
1031.
1000.
992.
1016.
1016.
984.
1008.
1039.
1031.
1000.
1047.
1031.
977.
984.
977.
938.
930.
953.
930.
883.
938.
969.
984.
1023.
1023.
977.
992.
992.
945.
977.
961.
961.
922.
969.
977.
945.
992.
984.
961.
945.
969.
984.
969.
1000.
992.
1016.
1000.
961.
938.
953.
984.
953.
977.
992.
961.
1000.
961.
930.
914.
922.
930.
930.
977.
1008.
1000.
984.
1047.
1039.
992.
1008.
992.
969.
938.
961.
984.
945.
969.
984.
969.
953.
977.
977.
938.
984.
992.
969.
977.
1000.
1000.
953.
977.
969.
953.
938.
1000.
1000.
977.
938.
977.
992.
984.
953.
1000.
1008.
992.
984.
1023.
1039.
969.
1000.
992.
961.
969.
992.
1008.
969.
992.
1031.
1016.
1016.
1016.
1000.
961.
992.
992.
945.
1000.
977.
945.
938.
969.
992.
961.
984.
992.
961.
969.
977.
984.
953.
992.
1000.
984.
969.
969.
969.
938.
992.
969.
969.
930.
922.
906.
859.
867.
852.
789.
781.
773.
758.
750.
742.