1000.
1023.
1031.
1016.
1031.
1039.
1000.
1023.
1023.
977.
977.
1000.
984.
953.
977.
992.
961.
969.
1008.
992.
953.
977.
969.
945.
953.
953.
961.
984.
1000.
984.
961.
977.
1008.
969.
1000.
1031.
1016.
992.
984.
977.
961.
992.
1000.
977.
1016.
1039.
992.
1016.
1031.
984.
977.
977.
969.
969.
992.
969.
961.
977.
953.
961.
969.
969.
945.
969.
977.
977.
953.
977.
977.
969.
984.
1008.
1008.
1000.
1008.
1000.
969.
992.
977.
953.
945.
945.
961.
945.
977.
992.
977.
961.
961.
969.
938.
969.
953.
945.
953.
961.
930.
945.
961.
961.
961.
992.
1008.
977.
969.
977.
977.
938.
945.
945.
977.
945.
977.
984.
977.
1000.
992.
969.
977.
953.
930.
953.
945.
938.
945.
969.
969.
953.
984.
1016.
1008.
1047.
1039.
1031.
1039.
1008.
984.
1016.
1031.
992.
992.
984.
977.
953.
969.
992.
953.
992.
1000.
984.
1016.
1000.
961.
969.
961.
938.
945.
945.
945.
930.
961.
977.
969.
953.
961.
945.
945.
977.
992.
961.
969.
953.
953.
961.
953.
938.
977.
984.
961.
938.
945.
938.
906.
938.
961.
969.
930.
969.
992.
977.
961.
977.
977.
945.
953.
953.
969.
945.
953.
977.
953.
992.
1000.
1000.
977.
984.
1000.
961.
945.
961.
953.
930.
953.
953.
953.
961.
969.
938.
938.
961.
984.
969.
984.
961.
945.
961.
961.
953.
961.
945.
953.
969.
953.
945.
953.
961.
922.
969.
969.
953.
945.
922.
906.
930.
945.
938.
930.
945.
961.
945.
961.
992.
969.
969.
984.
969.
945.
969.
992.
977.
945.
953.
953.
930.
945.
977.
953.
945.
961.
977.
930.
953.
961.
922.
945.
945.
945.
938.
945.
945.
922.
961.
969.
938.
945.
961.
969.
945.
984.
977.
953.
938.
945.
969.
945.
977.
984.
969.
953.
961.
977.
969.
977.
1000.
992.
1008.
1023.
977.
898.
875.
859.
867.
859.
852.
859.
828.
836.
836.
844.
852.
867.
844.
875.
852.
852.
883.
914.
914.
898.
930.
945.
922.
930.
922.
945.
898.
906.
922.
938.
891.
922.
938.
969.
914.
891.
898.
914.
883.
852.
867.
945.
984.
1078.
1180.
1156.
1078.
1070.
1055.
1000.
977.
977.
1008.
1008.
1000.
1008.
1023.
984.
1000.
1000.
1016.
961.
977.
977.
945.
953.
984.
969.
984.
1008.
1000.
1023.
1031.
1023.
992.
1000.
1000.
945.
945.
961.
953.
969.
1000.
1031.
1000.
1016.
1016.
961.
992.
1008.
977.
984.
984.
969.
922.
938.
945.
969.
938.
992.
1008.
992.
977.
992.
984.
1016.
1016.
977.
977.
984.
969.
930.
945.
945.
922.
938.
945.
930.
922.
930.
914.
922.
938.
945.
930.
938.
945.
922.
930.
945.
961.
945.
984.
1008.
984.
945.
977.
977.
945.
961.
992.
1000.
969.
969.
969.
930.
969.
969.
945.
914.
922.
953.
953.
984.
1000.
977.
945.
977.
1000.
969.
1008.
1008.
969.
977.
977.
945.
961.
953.
930.
930.
945.
969.
938.
961.
977.
977.
961.
977.
984.
961.
953.
953.
961.
945.
953.
969.
945.
953.
969.
969.
945.
977.
977.
953.
977.
984.
945.
977.
977.
984.
961.
1000.
992.
969.
945.
961.
969.
945.
953.
953.
984.
961.
1008.
1023.
1016.
1039.
1047.
1016.
1008.
1023.
977.
984.
984.
938.
977.
977.
953.
930.
938.
969.
961.
969.
953.
938.
977.
1000.
984.
984.
984.
953.
953.
945.
938.
945.
953.
922.
930.
953.
945.
914.
953.
977.
977.
961.
992.
984.
969.
953.
953.
930.
914.
945.
977.
961.
984.
1000.
992.
984.
992.
1000.
938.
945.
953.
945.
930.
953.
977.
953.
953.
977.
992.
984.
992.
977.
930.
945.
961.
969.
977.
1008.
1047.
1039.
992.
1016.
1000.
961.
977.
984.
1000.
961.
992.
984.
977.
961.
953.
961.
922.
906.
930.
953.
938.
977.
977.
945.
984.
984.
961.
945.
930.
938.
898.
922.
938.
945.
930.
969.
977.
953.
953.
961.
938.
938.
953.
945.
953.
953.
945.
906.
922.
930.
914.
930.
977.
1008.
992.
1023.
1039.
1000.
1023.
1016.
992.
984.
992.
1016.
984.
1023.
1031.
984.
1047.
1031.
977.
984.
961.
969.
922.
945.
969.
977.
992.
1008.
1008.
1000.
1000.
984.
938.
961.
969.
961.
953.
961.
969.
977.
969.
961.
945.
961.
977.
953.
1008.
1008.
992.
953.
969.
969.
961.
969.
930.
906.
914.
922.
938.
945.
938.
883.
859.
875.
914.
906.
953.
984.
977.
1000.
992.
969.
992.
969.
922.
938.
969.
969.
977.
1000.
1000.
984.
969.
945.
906.
906.
891.
875.
898.
906.
922.
945.
961.
984.
969.
1047.
1086.
1078.
1047.
1039.
1000.
945.
961.
1016.
1039.
1000.
1016.
1031.
1023.
1039.
1008.
961.
953.
1008.
1062.
1078.
1078.
1055.
1031.
1008.
1000.
1000.
961.
961.
969.
945.
953.
984.
1016.
1016.
1039.
1031.
961.
906.
883.
867.
922.
1000.
1086.
1055.
1086.
1117.
1086.
1086.
1086.
1070.
1008.
984.
961.
930.
953.
984.
977.
961.
992.
1016.
992.
1016.
1016.
969.
977.
961.
961.
969.
953.
1008.
1047.
1031.
1055.
1062.
1023.
1016.
1039.
1031.
992.
1008.
1016.
953.
953.
938.
953.
938.
891.
922.
945.
938.
914.
945.
992.
1000.
945.
969.
977.
953.
945.
961.
953.
914.
922.
930.
922.
914.
945.
969.
961.
930.
961.
945.
938.
930.
945.
984.
945.
992.
1031.
1055.
1000.
1023.
1039.
1000.
984.
977.
977.
945.
961.
992.
977.
992.
1000.
992.
914.
938.
930.
953.
922.
961.
977.
977.
945.
992.
1008.
992.
953.
969.
969.
938.
938.
945.
922.
898.
938.
953.
922.
945.
938.
953.
906.
914.
914.
891.
898.
906.
930.
906.
930.
969.
977.
938.
945.
930.
891.
922.
914.
914.
898.
906.
945.
977.
945.
953.
953.
945.
922.
969.
953.
914.
945.
961.
969.
906.
945.
969.
945.
922.
945.
977.
938.
961.
984.
969.
914.
930.
922.
922.
898.
930.
953.
969.
945.
977.
1000.
984.
977.
1000.
1000.
961.
953.
945.
945.
914.
969.
977.
945.
977.
992.
984.
961.
977.
992.
961.
898.
906.
922.
906.
930.
922.
953.
922.
938.
938.
953.
930.
930.
938.
930.
922.
953.
953.
945.
977.
984.
961.
969.
984.
969.
914.
906.
906.
914.
898.
922.
922.
906.
891.
922.
945.
969.
945.
938.
930.
906.
898.
930.
945.
969.
938.
984.
1016.
977.
961.
984.
1000.
953.
977.
977.
969.
914.
922.
906.
930.
883.
891.
922.
945.
938.
984.
1023.
977.
977.
992.
969.
961.
984.
969.
922.
914.
930.
945.
922.
930.
969.
938.
961.
953.
938.
922.
945.
961.
961.
930.
953.
953.
961.
914.
938.
953.
938.
938.
953.
984.
938.
922.
938.
938.
922.
938.
977.
969.
930.
984.
1023.
1031.
992.
1008.
977.
961.
984.
984.
945.
906.
891.
891.
875.
914.
969.
953.
977.
984.
961.
938.
961.
969.
953.
953.
961.
945.
922.
938.
953.
930.
945.
945.
953.
914.
938.
938.
930.
906.
945.
953.
922.
930.
922.
914.
898.
922.
953.
945.
953.
953.
938.
938.
938.
977.
984.
945.
945.
992.
1008.
961.
969.
977.
945.
969.
969.
938.
938.
961.
977.
953.
977.
984.
961.
953.
969.
977.
945.
953.
953.
961.
953.
953.
977.
984.
984.
1000.
984.
930.
953.
977.
961.
922.
945.
961.
938.
961.
969.
945.
938.
953.
969.
938.
938.
938.
953.
898.
914.
914.
922.
891.
906.
922.
898.
891.
891.
906.
891.
898.
930.
938.
914.
930.
922.
945.
883.
891.
891.
922.
945.
1000.
992.
969.
984.
984.
945.
953.
961.
969.
945.
984.
1008.
969.
945.
961.
953.
906.
930.
953.
906.
930.
953.
922.
945.
961.
930.
938.
945.
938.
922.
938.
953.
922.
938.
938.
945.
906.
906.
938.
961.
945.
938.
945.
922.
922.
922.
945.
906.
938.
922.
938.
914.
945.
961.
945.
922.
938.
945.
914.
922.
922.
938.
906.
922.
914.
922.
891.
938.
945.
914.
922.
914.
945.
898.
898.
898.
891.
883.
898.
930.
922.
938.
945.
961.
922.
945.
945.
922.
922.
938.
961.
969.
891.
914.
914.
922.
922.
914.
938.
984.
984.
1008.
1055.
1016.
1039.
1031.
984.
938.
945.
930.
906.
898.
922.
945.
930.
922.
930.
938.
953.
883.
844.
812.
844.
875.
922.
945.
945.
977.
992.
961.
914.
930.
953.
938.
930.
930.
891.
859.
859.
875.
852.
859.
867.
867.
859.
867.
898.
891.
859.
859.
875.
906.
891.
930.
961.
953.
961.
1000.
977.
961.
953.
930.
875.
844.
875.
867.
914.
906.
852.
758.
766.
781.
758.
766.
812.
812.
805.
789.
773.
758.
734.
711.
703.
688.
680.
672.
664.
656.
641.
633.
625.
617.
625.
617.
617.
617.
625.
617.
625.
641.
648.
672.
703.
727.
812.
875.
891.
883.
883.
891.
922.
930.
898.
930.
953.
977.
922.
891.
914.
984.
992.
906.
961.
1000.
984.
961.
984.
1000.
961.
945.
984.
1039.
953.
984.
992.
922.
969.
969.
992.
953.
852.
836.
844.
859.
961.
1062.
1039.
1008.
1008.
992.
930.
922.
930.
961.
938.
938.
938.
977.
961.
930.
953.
1000.
977.
914.
961.
1062.
1070.
969.
992.
1039.
977.
953.
977.
961.
906.
938.
945.
930.
1016.
1062.
984.
1008.
1016.
1008.
930.
953.
961.
969.
914.
984.
992.
992.
938.
953.
977.
930.
945.
977.
984.
961.
992.
1016.
953.
953.
977.
961.
914.
977.
977.
914.
945.
945.
914.
898.
922.
938.
898.
945.
1000.
969.
961.
984.
1023.
977.
1031.
1016.
969.
953.
984.
992.
969.
922.
930.
984.
1000.
961.
1031.
1109.
1062.
1078.
1086.
1078.
969.
1031.
1031.
992.
984.
945.
922.
938.
945.
977.
945.
953.
977.
1016.
969.
969.
961.
914.
961.
992.
945.
945.
945.
938.
945.
969.
969.
930.
945.
953.
938.
891.
898.
906.
883.
875.
883.
898.
859.
953.
1055.
992.
984.
977.
945.
938.
984.
992.
961.
1000.
1008.
961.
961.
969.
930.
898.
930.
945.
914.
969.
984.
953.
938.
945.
969.
914.
938.
938.
938.
906.
969.
1031.
984.
1000.
1016.
984.
1000.
1008.
1016.
953.
953.
938.
914.
914.
938.
930.
922.
977.
1008.
961.
969.
992.
969.
1008.
1000.
1000.
945.
945.
945.
945.
922.
930.
930.
945.
906.
945.
969.
922.
867.
891.
906.
875.
898.
938.
969.
930.
914.
938.
977.
922.
945.
945.
969.
930.
977.
953.
930.
891.
930.
953.
938.
898.
938.
961.
945.
1016.
1008.
961.
1016.
992.
953.
938.
938.
930.
906.
938.
984.
953.
969.
992.
1016.
953.
984.
984.
969.
906.
914.
914.
930.
891.
914.
1000.
1008.
1102.
1164.
1188.
1148.
1141.
1086.
1086.
1078.
1008.
1016.
1008.
1008.
1023.
1031.
1000.
1008.
1016.
984.
1008.
1031.
1039.
984.
977.
984.
969.
945.
945.
961.
961.
977.
977.
953.
938.
938.
969.
938.
867.
766.
781.
805.
922.
961.
1023.
1031.
1023.
969.
945.
961.
930.
938.
945.
938.
953.
969.
969.
961.
969.
977.
1023.
984.
1008.
1000.
953.
953.
953.
953.
922.
930.
945.
961.
930.
945.
945.
922.
938.
922.
898.
898.
906.
883.
883.
883.
914.
906.
930.
945.
969.
945.
969.
984.
961.
961.
953.
945.
945.
945.
969.
961.
922.
938.
938.
945.
930.
961.
969.
945.
945.
930.
938.
922.
922.
945.
1008.
1016.
992.
984.
984.
953.
953.
969.
953.
961.
992.
953.
961.
961.
969.
945.
984.
1023.
977.
992.
1016.
984.
984.
984.
961.
922.
922.
953.
977.
961.
984.
977.
977.
1000.
1031.
1000.
1055.
1086.
1039.
1031.
1031.
1008.
961.
992.
969.
953.
961.
953.
930.
945.
977.
969.
938.
969.
992.
984.
1008.
1008.
984.
969.
984.
1008.
992.
1000.
1008.
1008.
969.
992.
1008.
992.
1000.
1016.
992.
1000.
1000.
984.
922.
938.
961.
992.
969.
1000.
969.
1000.
961.
977.
1000.
969.
984.
1016.
977.
1000.
992.
984.
977.
969.
953.
953.
969.
945.
922.
914.
922.
898.
898.
922.
938.
930.
961.
984.
1008.
1000.
1008.
1000.
961.
969.
977.
938.
945.
977.
961.
961.
961.
922.
898.
898.
930.
922.
984.
1031.
1133.
1086.
1094.
1102.
1039.
1023.
1016.
1000.
984.
1000.
984.
945.
969.
969.
969.
977.
1000.
1055.
992.
984.
984.
945.
945.
977.
977.
1000.
1062.
1070.
1047.
1078.
1102.
1070.
1094.
1094.
1047.
1039.
1023.
977.
977.
984.
977.
992.
992.
984.
984.
992.
984.
953.
969.
984.
1023.
1000.
1016.
1008.
953.
969.
992.
984.
977.
984.
1000.
969.
969.
953.
961.
938.
961.
969.
977.
1016.
1023.
1023.
1016.
1023.
984.
945.
938.
961.
1008.
984.
1023.
1008.
992.
961.
969.
977.
922.
922.
922.
930.
969.
1000.
1008.
1023.
1008.
969.
977.
969.
938.
938.
961.
922.
938.
977.
1000.
1016.
1031.
1016.
992.
969.
961.
945.
984.
1016.
1039.
1000.
984.
977.
961.
922.
891.
898.
906.
914.
906.
945.
914.
828.
836.
789.
750.
734.
719.
711.
695.
688.
688.
672.
664.
656.
656.
656.
664.
656.
664.
656.
656.
656.
648.
656.
664.
680.
711.
773.
766.
836.
930.
969.
914.
844.
781.
758.
727.
711.
688.
672.
664.
656.
680.
680.
688.
742.
805.
922.
930.
898.
883.
891.
906.
859.
883.
914.
930.
891.
914.
914.
898.
867.
883.
875.
875.
859.
844.
891.
898.
906.
891.
906.
922.
891.
859.
883.
898.
891.
922.
945.
984.
906.
938.
930.
938.
891.
930.
938.
961.
922.
938.
930.
930.
906.
953.
984.
992.
938.
984.
969.
977.
898.
875.
883.
914.
875.
914.
961.
914.
898.
938.
992.
961.
992.
977.
945.
969.
977.
945.
914.
938.
961.
977.
906.
930.
945.
945.
953.
977.
961.
906.
922.
953.
953.
953.
930.
914.
875.
898.
930.
922.
953.
969.
977.
938.
953.
922.
867.
859.
875.
891.
883.
961.
961.
938.
914.
922.
914.
867.
883.
867.
883.
867.
875.
867.
891.
875.
891.
891.
930.
914.
883.