750.
707.
703.
734.
730.
738.
715.
715.
719.
711.
711.
699.
695.
688.
691.
695.
703.
723.
730.
766.
805.
820.
852.
852.
852.
852.
840.
844.
863.
859.
848.
836.
844.
871.
859.
852.
848.
902.
910.
906.
848.
852.
848.
836.
809.
824.
844.
859.
836.
855.
875.
875.
855.
859.
859.
855.
824.
816.
824.
836.
836.
809.
828.
867.
848.
801.
789.
793.
848.
898.
957.
1016.
1004.
941.
945.
926.
883.
879.
852.
828.
820.
816.
836.
887.
895.
887.
922.
941.
910.
863.
848.
852.
840.
855.
887.
926.
898.
898.
902.
879.
871.
891.
883.
871.
855.
871.
895.
867.
840.
855.
871.
879.
867.
887.
945.
910.
887.
902.
922.
891.
887.
887.
898.
879.
867.
887.
906.
879.
852.
852.
883.
887.
879.
895.
906.
855.
836.
855.
875.
844.
801.
809.
863.
824.
848.
895.
977.
992.
977.
961.
914.
883.
879.
844.
824.
828.
875.
914.
895.
922.
926.
906.
883.
887.
910.
895.
848.
848.
848.
875.
902.
949.
930.
926.
934.
914.
891.
871.
855.
859.
836.
840.
852.
871.
863.
879.
887.
895.
906.
891.
902.
910.
891.
887.
926.
973.
934.
953.
938.
930.
887.
910.
914.
906.
930.
941.
902.
883.
926.
973.
934.
922.
926.
910.
871.
844.
840.
863.
859.
824.
852.
875.
930.
895.
887.
918.
945.
918.
941.
961.
973.
934.
922.
902.
910.
883.
855.
867.
871.
855.
844.
852.
852.
836.
840.
855.
867.
879.
895.
938.
961.
922.
902.
875.
836.
801.
812.
836.
875.
887.
930.
949.
895.
871.
867.
859.
848.
816.
855.
930.
910.
938.
953.
859.
812.
809.
805.
855.
930.
1035.
1012.
969.
965.
930.
879.
863.
871.
867.
875.
848.
902.
887.
863.
887.
891.
879.
836.
824.
816.
855.
875.
883.
926.
945.
906.
898.
902.
875.
855.
871.
879.
875.
867.
895.
898.
891.
871.
879.
887.
879.
859.
840.
883.
910.
891.
855.
883.
906.
898.
871.
887.
926.
930.
949.
988.
977.
926.
961.
953.
965.
914.
945.
969.
965.
934.
941.
910.
855.
848.
848.
883.
934.
930.
949.
934.
902.
910.
930.
883.
863.
855.
863.
836.
832.
859.
887.
871.
895.
934.
945.
949.
945.
910.
836.
789.
773.
812.
945.
1043.
1148.
1082.
973.
941.
906.
848.
793.
766.
746.
738.
746.
812.
883.
906.
980.
973.
926.
910.
914.
914.
855.
855.
914.
863.
852.
875.
875.
906.
918.
930.
902.
879.
891.
891.
922.
875.
848.
828.
852.
852.
961.
969.
1000.
957.
934.
941.
906.
887.
871.
840.
797.
766.
781.
855.
961.
949.
938.
922.
895.
855.
871.
859.
848.
824.
820.
824.
832.
844.
891.
910.
887.
848.
852.
844.
832.
824.
836.
832.
836.
859.
875.
895.
859.
867.
859.
832.
848.
855.
859.
867.
898.
891.
875.
848.
855.
871.
875.
883.
906.
895.
887.
891.
879.
848.
840.
859.
910.
953.
957.
1000.
980.
945.
914.
930.
980.
953.
949.
949.
969.
906.
887.
867.
875.
852.
848.
887.
977.
957.
914.
895.
887.
863.
902.
961.
1055.
1000.
973.
930.
906.
914.
957.
938.
914.
922.
957.
918.
879.
867.
855.
836.
863.
879.
992.
965.
980.
930.
848.
836.
859.
898.
898.
930.
957.
980.
914.
879.
855.
832.
785.
785.
777.
789.
801.
824.
887.
902.
879.
895.
887.
887.
871.
898.
910.
910.
961.
918.
867.
887.
906.
895.
871.
883.
895.
848.
816.
836.
863.
859.
836.
824.
816.
816.
828.
863.
836.
832.
832.
828.
820.
852.
875.
910.
938.
945.
961.
949.
949.
977.
961.
965.
1004.
1000.
1004.
988.
918.
922.
941.
883.
855.
891.
887.
887.
859.
852.
840.
828.
848.
871.
879.
859.
859.
859.
836.
809.
824.
820.
816.
812.
828.
844.
852.
832.
859.
867.
840.
801.
805.
805.
805.
797.
781.
793.
828.
848.
828.
848.
875.
863.
840.
824.
816.
816.
801.
812.
805.
809.
828.
828.
832.
840.
848.
820.
809.
820.
836.
840.
805.
828.
824.
801.
789.
816.
840.
855.
875.
883.
922.
914.
906.
938.
953.
914.
945.
957.
957.
918.
906.
875.
879.
895.
875.
887.
906.
883.
840.
848.
859.
844.
809.
824.
836.
855.
844.
859.
879.
875.
844.
859.
859.
836.
805.
816.
836.
859.
852.
855.
840.
836.
812.
797.
801.
809.
797.
781.
781.
785.
801.
809.
785.
770.
773.
777.
770.
750.
746.
750.
762.
773.
777.
805.
828.
816.
781.
773.
773.
758.
738.
754.
762.
805.
820.
844.
867.
863.
820.
809.
801.
797.
785.
781.
809.
844.
883.
871.
891.
957.
938.
922.
922.
883.
895.
914.
914.
918.
938.
988.
949.
914.
859.
871.
879.
875.
895.
910.
926.
988.
934.
863.
836.
844.
812.
793.
805.
840.
988.
949.
961.
934.
898.
859.
820.
820.
812.
820.
828.
859.
871.
879.
918.
961.
887.
867.
832.
832.
820.
809.
801.
801.
828.
859.
836.
840.
840.
852.
816.
777.
766.
738.
730.
746.
770.
836.
887.
887.
883.
871.
828.
801.
801.
820.
805.
809.
793.
758.
750.
758.
746.
770.
816.
840.
867.
906.
875.
820.
820.
801.
785.
766.
762.
758.
762.
777.
781.
801.
777.
789.
789.
773.
758.
773.
762.
766.
750.
754.
742.
742.
742.
766.
777.
770.
762.
770.
793.
770.
754.
758.
758.
750.
746.
758.
770.
754.
742.
746.
734.
727.
723.
727.
742.
762.
754.
754.
770.
770.
770.
750.
758.
746.
750.
738.
738.
758.
785.
809.
809.
801.
805.
801.
797.
793.
812.
820.
836.
852.
863.
879.
863.
816.
801.
789.
801.
910.
875.
867.
891.
902.
836.
816.
793.
793.
797.
781.
797.
832.
848.
828.
812.
785.
770.
754.
746.
766.
762.
793.
789.
797.
820.
824.
809.
801.
781.
750.
723.
703.
672.
645.
645.
660.
727.
922.
949.
926.
906.
844.
766.
723.
707.
684.
648.
637.
625.
637.
621.
617.
617.
625.
633.
652.
672.
691.
715.
754.
758.
789.
824.
828.
836.
828.
801.
809.
820.
855.
1000.
1012.
926.
883.
859.
879.
879.
891.
945.
984.
926.
879.
875.
891.
871.
875.
887.
914.
895.
918.
934.
836.
812.
816.
816.
840.
918.
961.
910.
875.
887.
906.
852.
855.
855.
855.
863.
879.
891.
879.
832.
840.
844.
879.
820.
840.
855.
895.
891.
934.
1004.
992.
1066.
1090.
1016.
988.
984.
984.
1008.
1066.
1020.
1020.
1055.
1031.
1016.
1043.
1027.
1008.
1020.
996.
977.
1004.
977.
957.
926.
922.
922.
898.
883.
910.
930.
906.
941.
1031.
910.
898.
875.
852.
828.
840.
879.
883.
891.
887.
898.
863.
852.
832.
832.
801.
793.
797.
809.
812.
820.
840.
859.
859.
902.
922.
875.
832.
832.
832.
867.
879.
871.
906.
906.
879.
844.
848.
867.
887.
867.
879.
879.
879.
875.
883.
879.
945.
906.
945.
957.
965.
957.
957.
941.
930.
902.
906.
930.
934.
945.
1074.
1078.
1047.
1062.
1016.
969.
957.
945.
977.
1043.
1062.
1004.
1016.
984.
922.
859.
863.
859.
852.
836.
859.
871.
891.
887.
910.
934.
926.
871.
809.
820.
934.
910.
891.
887.
879.
891.
953.
1016.
1000.
996.
988.
906.
883.
848.
855.
855.
867.
957.
977.
957.
941.
949.
926.
867.
832.
840.
840.
836.
855.
887.
934.
902.
859.
887.
926.
926.
875.
871.
883.
867.
867.
902.
891.
852.
879.
949.
965.
973.
988.
984.
957.
918.
898.
895.
863.
887.
914.
930.
895.
949.
945.
934.
895.
848.
832.
852.
836.
809.
836.
867.
812.
805.
832.
883.
887.
918.
934.
926.
891.
891.
906.
879.
855.
852.
879.
863.
859.
891.
918.
906.
852.
852.
863.
867.
828.
828.
879.
957.
965.
1031.
984.
957.
938.
930.
945.
930.
918.
922.
914.
938.
953.
977.
941.
934.
914.
902.
875.
926.
941.
945.
941.
977.
988.
973.
945.
953.
977.
973.
934.
910.
879.
844.
953.
1051.
1012.
961.
965.
992.
953.
922.
930.
953.
992.
1008.
1043.
996.
1000.
1000.
965.
945.
922.
902.
934.
969.
953.
910.
926.
918.
871.
852.
840.
844.
836.
809.
820.
848.
852.
832.
871.
922.
961.
902.
895.
871.
848.
852.
902.
934.
887.
844.
871.
902.
922.
871.
875.
875.
867.
879.
906.
957.
949.
906.
922.
918.
879.
859.
883.
910.
926.
906.
934.
945.
910.
949.
988.
980.
957.
1000.
1004.
992.
996.
980.
957.
934.
961.
996.
1020.
1031.
1047.
1008.
1012.
1000.
1004.
988.
941.
914.
930.
965.
996.
984.
930.
930.
938.
902.
871.
852.
852.
816.
820.
859.
895.
895.
992.
1008.
984.
961.
906.
867.
855.
879.
961.
918.
816.
816.
863.
820.
809.
914.
1000.
953.
938.
934.
930.
879.
832.
832.
809.
797.
781.
781.
797.
816.
895.
973.
996.
926.
910.
910.
898.
859.
840.
855.
855.
852.
840.
836.
859.
871.
855.
871.
895.
891.
855.
855.
863.
891.
863.
828.
832.
848.
816.
793.
809.
852.
898.
949.
1000.
1027.
980.
969.
926.
871.
836.
828.
809.
805.
797.
820.
875.
969.
992.
988.
938.
910.
898.
887.
867.
785.
766.
742.
738.
742.
777.
895.
938.
922.
914.
883.
840.
832.
801.
766.
746.
738.
727.
715.
715.
715.
707.
703.
715.
730.
746.
777.
805.
855.
879.
879.
867.
867.
871.
867.
844.
844.
859.
895.
906.
922.
883.
840.
824.
836.
867.
883.
875.
883.
914.
918.
863.
848.
840.
836.
812.
809.
820.
871.
855.
859.
863.
840.
859.
867.
887.
867.
832.
840.
855.
859.
859.
867.
875.
875.
855.
848.
832.
820.
820.
863.
895.
914.
906.
922.
918.
887.
871.
883.
883.
875.
867.
875.
871.
855.
832.
836.
863.
879.
867.
914.
914.
941.
961.
1027.
1051.
1016.
945.
938.
980.
1000.
953.
949.
969.
953.
926.
938.
945.
926.
906.
898.
863.
848.
797.
812.
863.
934.
930.
1027.
1023.
957.
934.
934.
926.
895.
848.
828.
828.
840.
859.
895.
914.
887.
891.
914.
914.
918.
895.
906.
930.
914.
938.
953.
934.
906.
891.
918.
910.
871.
852.
848.
848.
836.
859.
898.
961.
934.
914.
906.
898.
855.
836.
848.
863.
855.
828.
859.
883.
875.
867.
898.
906.
891.
879.
895.
891.
871.
855.
910.
980.
1004.
1023.
1051.
1051.
1043.
1000.
949.
938.
934.
934.
906.
922.
941.
902.
867.
883.
887.
887.
852.
871.
879.
855.
832.
855.
887.
891.
891.
918.
984.
984.
930.
914.
895.
859.
848.
887.
926.
902.
891.
898.
898.
859.
836.
844.
844.
820.
824.
828.
836.
824.
836.
840.
844.
844.
844.
859.
867.
848.
840.
855.
879.
887.
914.
934.
922.
871.
879.
879.
875.
859.
875.
906.
887.
855.
863.
879.
898.
891.
898.
883.
867.
898.
910.
957.
980.
1008.
1004.
1004.
996.
977.
969.
941.
910.
922.
957.
984.
973.
977.
1008.
1012.
957.
930.
930.
934.
938.
906.
922.
930.
926.
945.
965.
965.
957.
969.
941.
934.
945.
922.
914.
922.
906.
879.
879.
883.
863.
840.
848.
859.
879.
867.
859.
859.
879.
855.
828.
844.
863.
863.
875.
941.
949.
953.
949.
930.
898.
926.
926.
883.
863.
883.
895.
898.
938.
949.
930.
879.
879.
879.
875.
871.
875.
879.
863.
820.
809.
816.
852.
852.
902.
1047.
1047.
973.
961.
930.
898.
844.
832.
816.
820.
812.
797.
812.
848.
895.
867.
844.
859.
859.
844.
875.
895.
875.
844.
871.
891.
918.
898.
871.
891.
914.
922.
895.
891.
887.
891.
855.
867.
883.
895.
875.
840.
852.
867.
883.
848.
797.
812.
855.
883.
938.
895.
859.
855.
859.
859.
879.
914.
953.
922.
902.
902.
887.
863.
848.
859.
852.
840.
805.
820.
848.
891.
879.
883.
957.
996.
941.
898.
891.
875.
848.
836.
867.
902.
898.
902.
898.
883.
879.
855.
879.
898.
898.
875.
848.
867.
863.
848.
844.
852.
871.
914.
914.
953.
965.
926.
895.
887.
867.
867.
859.
891.
918.
898.
871.
898.
875.
855.
824.
832.
840.
859.
852.
855.
898.
906.
867.
867.
863.
875.
855.
844.
871.
891.
891.
934.
1016.
1023.
984.
938.
902.
906.
883.
887.
1008.
1047.
984.
980.
984.
891.
875.
859.
879.
863.
895.
887.
859.
859.
852.
840.
824.
844.
836.
816.
812.
820.
828.
812.
789.
797.
809.
855.
883.
902.
914.
926.
906.
875.
898.
879.
863.
867.
910.
977.
984.
941.
918.
941.
949.
934.
973.
996.
980.
953.
961.
988.
926.
934.
926.
879.
863.
914.
984.
988.
957.
957.
922.
887.
859.
859.
871.
848.
816.
816.
820.
848.
840.
793.
816.
883.
906.
906.
988.
1039.
1008.
965.
992.
957.
883.
840.
848.
859.
875.
852.
898.
941.
934.
891.
879.
902.
938.
934.
879.
914.
945.
922.
930.
914.
902.
875.
879.
918.
961.
922.
887.
906.
891.
863.
844.
867.
879.
863.
844.
875.
906.
863.
805.
805.
820.
840.
887.
961.
1008.
1004.
965.
945.
910.
848.
828.
848.
867.
863.
855.
871.
887.
910.
898.
910.
922.
922.
902.
922.
926.
910.
887.
895.
910.
891.
875.
883.
871.
859.
895.
918.
898.
867.
867.
891.
883.
875.
918.
934.
906.
867.
871.
879.
867.
832.
828.
836.
840.
848.
875.
895.
895.
898.
887.
914.
910.
938.
949.
965.
965.
973.
965.
949.
969.
934.
910.
934.
934.
918.
941.
973.
945.
898.
871.
859.
875.
848.
836.
875.
906.
957.
941.
934.
902.
887.
871.
883.
879.
906.
879.
887.
902.
898.
875.
852.
859.
887.
906.
895.
871.
891.
910.
887.
887.
883.
863.
852.
895.
879.
863.
871.
887.
895.
863.
848.
879.
863.
840.
820.
844.
867.
887.
902.
914.
898.
871.
848.
844.
848.
824.
824.
871.
918.
922.
941.
969.
945.
918.
910.
887.
859.
848.
867.
887.
895.
902.
918.
906.
887.
871.
855.
855.
867.
879.
859.
863.
883.
875.
867.
898.
984.
1023.
977.
977.
965.
934.
902.
918.
953.
934.
883.
902.
906.
895.
891.
895.
898.
891.
852.
863.
867.
871.
883.
895.
867.
832.
836.
844.
840.
832.
863.
895.
910.
887.
879.
895.
895.
883.
832.
832.
828.
848.
875.
902.
922.
918.
902.
914.
906.
891.
867.
871.
883.
879.
852.
859.
875.
914.
898.
879.
898.
910.
883.
840.
844.
832.
844.
855.
863.
879.
887.
887.
859.
863.
879.
891.
879.
879.
914.
934.
918.
871.
867.
875.
863.
848.
863.
883.
879.
855.
859.
855.
848.
836.
859.
895.
855.
832.
859.
883.
887.
879.
910.
910.
887.
855.
852.
836.
863.
883.
902.
926.
906.
855.
840.
863.
883.
906.
930.
965.
984.
934.
914.
922.
879.
840.
805.
801.
840.
949.
988.
1023.
1059.
1004.
926.
914.
934.
922.
922.
945.
938.
891.
875.
898.
918.
941.
977.
1008.
1000.
945.
922.
922.
898.
914.
949.
973.
965.
945.
938.
934.
910.
918.
953.
977.
961.
922.
926.
934.
910.
895.
879.
898.
898.
875.
891.
1004.
1023.
973.
949.
961.
938.
891.
852.
848.
855.
852.
844.
840.
852.
844.
855.
859.
832.
844.
863.
875.
871.
844.
852.
840.
844.
840.
828.
852.
898.
879.
855.
863.
871.
844.
824.
855.
859.
844.
820.
836.
848.
863.
855.
867.
867.
859.
836.
855.
863.
859.
848.
879.
895.
891.
875.
848.
867.
891.
895.
867.
887.
910.
906.
895.
926.
930.
914.
914.
910.
887.
863.
859.
863.
855.
863.
871.
898.
883.
895.
891.
883.
855.
855.
855.
879.
859.
867.
883.
895.
871.
848.
863.
863.
863.
840.
852.
867.
859.
844.
867.
879.
898.
875.
852.
840.
859.
859.
859.
867.
883.
871.
855.
855.
855.
848.
832.
848.
863.
840.
852.
848.
855.
844.
840.
836.
836.
816.
816.
848.
867.
871.
840.
871.
859.
832.
828.
840.
867.
871.
887.
918.
898.
875.
863.
859.
859.
848.
844.
855.
875.
879.
852.
832.
828.
805.
824.
902.
1008.
1000.
1039.
1020.
973.
922.
891.
879.
859.
844.
855.
875.
891.
863.
875.
879.
887.
832.
793.
766.
762.
766.
797.
852.
898.
934.
969.
984.
938.
926.
906.
898.
875.
887.
902.
902.
871.
867.
879.
887.
867.
863.
891.
902.
883.
902.
906.
855.
828.
828.