1047.
1078.
1070.
992.
953.
961.
977.
938.
1055.
1227.
1125.
992.
1094.
1148.
1062.
969.
1031.
1062.
1055.
1000.
1078.
1148.
1117.
1055.
1000.
1070.
1133.
1062.
1031.
1062.
1070.
1047.
1000.
1062.
1086.
1016.
945.
938.
969.
1047.
977.
992.
1047.
1078.
1023.
1031.
1055.
1055.
1000.
977.
1031.
1109.
1055.
1000.
1023.
1047.
977.
922.
938.
992.
961.
922.
1008.
1133.
1102.
1016.
1039.
1094.
1094.
1016.
969.
1023.
1039.
1039.
992.
1039.
1023.
961.
922.
969.
1031.
1102.
1008.
938.
1023.
1094.
1047.
1023.
1055.
1055.
1023.
1062.
1039.
992.
938.
992.
1070.
1031.
969.
977.
1047.
1070.
1016.
977.
1047.
1070.
992.
984.
1047.
1102.
1008.
1000.
1000.
984.
938.
977.
1031.
1023.
977.
1062.
1094.
1062.
1023.
1008.
992.
969.
1000.
1086.
1047.
1031.
1078.
1039.
1016.
1016.
1047.
1016.
1008.
1023.
1109.
1148.
1062.
984.
1078.
1094.
1000.
961.
1000.
1086.
1078.
1016.
1031.
1055.
1000.
961.
992.
1117.
1102.
984.
992.
1039.
1047.
984.
930.
992.
1086.
1070.
1000.
969.
1047.
1148.
1055.
977.
1055.
1102.
1078.
1008.
961.
984.
1047.
1031.
1000.
1031.
992.
984.
1016.
984.
961.
969.
1078.
1148.
1078.
1070.
1086.
1117.
1039.
1008.
1055.
1117.
1078.
1000.
1039.
1062.
1102.
1039.
1086.
1078.
1031.
984.
1094.
1156.
1055.
992.
977.
1031.
1047.
992.
977.
1086.
1133.
1047.
992.
1055.
1062.
984.
945.
1023.
1133.
1062.
1000.
1047.
1117.
1078.
992.
1000.
1047.
1078.
984.
969.
1047.
1117.
1008.
1000.
1055.
1055.
969.
1016.
1109.
1086.
1039.
1117.
1164.
1023.
1023.
1070.
1047.
1000.
1008.
1070.
1117.
1016.
977.
1094.
1188.
1023.
992.
1008.
1109.
969.
953.
1000.
1086.
1109.
1008.
953.
1070.
1117.
1000.
961.
1023.
1125.
1031.
961.
1000.
1031.
953.
930.
984.
1070.
1070.
984.
1031.
1117.
1016.
969.
1039.
1094.
1008.
984.
1047.
1125.
992.
945.
1039.
1086.
984.
930.
1094.
1164.
1000.
953.
938.
836.
734.
742.
742.
719.
711.
727.
711.
688.
688.
688.
695.
680.
711.
703.
703.
711.
742.
773.
828.
828.
852.
977.
1164.
1086.
953.
969.
945.
1133.
1133.
961.
898.
930.
1102.
1109.
1023.
1000.
992.
984.
1055.
1234.
1156.
1094.
1039.
1031.
1055.
1031.
1023.
1047.
1109.
1109.
1039.
1000.
984.
1039.
1078.
1078.
1062.
1102.
1117.
1039.
977.
1000.
1062.
1031.
984.
938.
984.
1156.
1133.
1086.
1133.
1133.
1086.
1023.
1016.
1047.
1055.
984.
984.
1078.
1141.
1125.
1023.
1070.
1094.
1023.
992.
1039.
1125.
1023.
1008.
1109.
1125.
1102.
1055.
1070.
1086.
1031.
977.
1008.
1062.
1039.
984.
1008.
1023.
1031.
1016.
1055.
1156.
1141.
1062.
1016.
1047.
1070.
1062.
1062.
1055.
1117.
1156.
1094.
1008.
1008.
1102.
1219.
1117.
1047.
1125.
1117.
1039.
1055.
1031.
953.
875.
844.
781.
797.
828.
922.
1312.
1070.
1281.
1289.
1188.
1227.
1172.
1070.
1062.
1141.
1133.
1094.
1039.
1109.
1109.
1078.
1062.
1055.
1039.
1008.
1102.
1203.
1164.
1133.
1164.
1133.
1109.
1078.
1141.
1125.
1102.
1055.
1070.
1070.
1055.
1031.
1008.
1078.
1086.
1016.
945.
977.
1031.
992.
1008.
1055.
1102.
1109.
1023.
1039.
1125.
1117.
1039.
992.
1070.
1070.
1039.
1000.
1070.
1055.
1070.
1070.
1016.
1078.
1031.
977.
969.
1055.
1125.
1070.
1047.
1180.
1141.
1086.
1008.
1031.
1055.
1078.
1047.
1016.
1078.
1070.
945.
875.
828.
758.
734.
734.
742.
789.
898.
1109.
969.
914.
914.
1055.
1195.
1203.
1258.
1266.
1195.
1211.
1172.
1148.
1148.
1180.
1148.
1117.
1102.
1086.
1141.
1148.
1133.
1117.
1133.
1094.
1055.
1055.
1070.
1148.
1125.
1062.
1016.
1016.
1062.
1047.
1016.
961.
969.
1000.
992.
906.
867.
852.
922.
1117.
1414.
1242.
1102.
969.
914.
820.
844.
938.
1336.
1070.
953.
930.
898.
898.
1008.
1344.
984.
945.
1023.
1219.
1156.
1203.
1180.
1156.
1102.
1047.
1070.
1047.
1023.
1055.
1031.
1055.
1039.
1039.
992.
1000.
1023.
1117.
1148.
1133.
1133.
1125.
1156.
1094.
1070.
1078.
1078.
1023.
1023.
1047.
1086.
1070.
1070.
1125.
1125.
1055.
1047.
1086.
1055.
1047.
1062.
1070.
1023.
969.
1023.
1023.
1031.
1008.
1062.
1109.
1102.
984.
945.
992.
1109.
1195.
1102.
1062.
1273.
1250.
1133.
1078.
1141.
1148.
1055.
992.
1039.
1055.
1062.
1008.
1062.
1078.
1016.
992.
1055.
1062.
1039.
1055.
1055.
1078.
1055.
1008.
1039.
1008.
1000.
1031.
1117.
1203.
1164.
1164.
1148.
1125.
1055.
1070.
1086.
1039.
1000.
1000.
1039.
1062.
1039.
1047.
1047.
1008.
969.
1062.
1148.
1133.
1117.
1141.
1062.
1023.
1039.
1109.
1109.
1078.
1117.
1156.
1117.
1047.
1031.
1062.
1055.
1023.
969.
1070.
1094.
1070.
1016.
1016.
1047.
945.
953.
1016.
1109.
1070.
1047.
1156.
1156.
1102.
1008.
1055.
1047.
1000.
961.
969.
1023.
1070.
1039.
992.
1008.
1039.
969.
922.
953.
969.
938.
938.
1156.
1195.
1133.
1180.
1250.
1148.
1070.
1109.
1117.
1055.
1016.
1078.
1109.
1117.
1062.
1086.
1094.
1109.
1062.
1016.
1039.
1055.
1039.
1039.
1094.
1148.
1070.
1008.
1016.
1016.
1023.
1008.
1062.
1125.
1125.
1031.
977.
1023.
1023.
1008.
1016.
1094.
1141.
1078.
1031.
1062.
1094.
1039.
1008.
1039.
1070.
1070.
1031.
1062.
1070.
1023.
977.
1039.
1055.
1055.
1031.
1180.
1172.
1102.
1023.
1070.
1055.
1008.
992.
1016.
1055.
1023.
1031.
1055.
1047.
1008.
961.
1008.
1086.
1078.
1039.
1086.
1086.
1117.
1039.
984.
1016.
1070.
1023.
1000.
1031.
1055.
1055.
1031.
1078.
1109.
1055.
1016.
1039.
1047.
1008.
977.
1000.
1039.
1023.
992.
1039.
1094.
1039.
1016.
1039.
1039.
1008.
984.
1047.
1070.
1023.
992.
1039.
1070.
1008.
984.
992.
1039.
1055.
1023.
969.
1055.
1148.
1102.
1062.
1125.
1109.
1031.
977.
1031.
1094.
1039.
1008.
1008.
1008.
969.
969.
938.
1008.
1078.
1070.
1016.
1023.
1078.
1086.
1008.
969.
1047.
1070.
1023.
977.
1055.
1023.
961.
945.
984.
1016.
1023.
1016.
984.
1070.
1109.
1031.
984.
1023.
1094.
1039.
992.
1039.
1070.
1031.
969.
1016.
1000.
1023.
992.
1047.
1039.
1016.
969.
984.
1055.
1039.
984.
961.
1016.
1047.
1008.
953.
977.
1008.
984.
977.
1031.
1078.
1062.
1016.
1008.
1000.
1055.
1016.
984.
1023.
1055.
1023.
992.
1016.
1031.
1031.
992.
1008.
1039.
1078.
1016.
1031.
1078.
1078.
1047.
1047.
1070.
1062.
1000.
945.
961.
1008.
1039.
1031.
1078.
1102.
1094.
1039.
1078.
1062.
1016.
961.
1000.
1062.
1039.
984.
1055.
1141.
1094.
1117.
1148.
1125.
1047.
1039.
1062.
1070.
1016.
1016.
1062.
1016.
992.
1000.
1031.
1047.
1008.
1031.
1031.
1047.
1008.
961.
1000.
1000.
1000.
992.
1086.
1141.
1055.
984.
1031.
1031.
1016.
992.
1016.
1047.
1086.
1047.
1000.
1055.
1055.
1016.
992.
1023.
1047.
1031.
992.
1016.
1055.
1008.
961.
984.
992.
1000.
961.
1016.
1047.
1094.
1031.
1016.
1078.
1086.
1039.
992.
1023.
1094.
1062.
1016.
1047.
1016.
1016.
969.
1039.
1125.
1023.
984.
984.
1062.
1086.
992.
1172.
1156.
1070.
1062.
1078.
1055.
1008.
1008.
1055.
1062.
1008.
1016.
1031.
1023.
977.
969.
1031.
1055.
992.
969.
1000.
1023.
977.
953.
977.
1000.
1070.
1016.
1016.
1039.
1070.
1016.
977.
1031.
1008.
984.
977.
1008.
1055.
1047.
1016.
1055.
1055.
1055.
984.
1023.
1062.
1062.
1047.
977.
1016.
1055.
1023.
969.
1000.
1039.
1031.
977.
992.
1008.
1039.
1008.
1000.
1039.
1062.
1016.
977.
1016.
1055.
1055.
1008.
1039.
1070.
1023.
969.
1016.
1016.
1008.
945.
969.
992.
1000.
984.
1039.
1070.
1055.
1016.
1039.
1023.
1023.
1000.
1008.
1055.
1062.
1070.
1078.
1125.
1094.
1016.
1062.
1125.
1062.
1016.
1008.
1031.
1078.
1055.
1039.
1125.
1117.
1023.
1062.
1062.
1039.
1047.
1102.
1102.
1031.
984.
984.
1008.
953.
898.
1039.
1094.
1125.
1141.
1102.
1062.
953.
961.
1016.
1094.
1062.
969.
969.
1016.
977.
969.
1031.
1102.
1023.
977.
1000.
1023.
992.
977.
945.
930.
961.
1008.
945.
977.
1023.
1195.
1141.
1078.
1070.
1094.
1031.
945.
1000.
1164.
1141.
1062.
1047.
1102.
1039.
961.
953.
922.
969.
977.
945.
1039.
1078.
1062.
961.
984.
1055.
1086.
1016.
961.
961.
1078.
1133.
1047.
1016.
1055.
1094.
1039.
945.
953.
1047.
1031.
961.
953.
992.
1016.
953.
945.
1055.
1047.
1000.
945.
1070.
1125.
1047.
961.
1008.
1078.
1039.
961.
1000.
1102.
1047.
977.
922.
953.
1062.
1039.
953.
930.
961.
1047.
1008.
930.
977.
1008.
1031.
984.
906.
992.
1031.
992.
953.
961.
1016.
1016.
977.
953.
1000.
1141.
1055.
1016.
1016.
1047.
945.
930.
984.
1281.
1070.
984.
1039.
1062.
1086.
1047.
1070.
1094.
1109.
1055.
1031.
1023.
1023.
992.
953.
1016.
1016.
1031.
1008.
1039.
1023.
1008.
969.
930.
969.
1031.
977.
984.
992.
1055.
1023.
1016.
1094.
1078.
1031.
1023.
1031.
1070.
1023.
992.
1039.
1078.
1055.
1023.
1062.
1062.
1047.
1031.
1055.
1062.
1000.
961.
1023.
1039.
1016.
969.
984.
1008.
984.
961.
930.
1000.
1094.
1031.
984.
992.
1047.
1047.
992.
1023.
1078.
1016.
953.
938.
992.
1023.
1008.
992.
1031.
1047.
1008.
992.
992.
1023.
984.
930.
977.
977.
1055.
1070.
1008.
1117.
1148.
1039.
1031.
1078.
1055.
1016.
969.
1023.
1047.
1023.
984.
1031.
1070.
1070.
1000.
961.
977.
961.
984.
1016.
1078.
1289.
1250.
1148.
1148.
1195.
1094.
1008.
1016.
1031.
1047.
1016.
1008.
1062.
1109.
1062.
1000.
1047.
1086.
1039.
961.
1008.
1016.
1031.
1062.
1125.
1172.
1078.
1109.
1125.
1086.
1031.
1016.
1039.
1070.
1055.
977.
984.
1023.
1047.
1102.
1219.
1219.
1156.
1094.
1133.
1148.
1078.
1016.
1047.
1109.
1086.
1039.
1102.
1070.
1070.
1023.
1023.
1031.
1000.
969.
1023.
1023.
1062.
1008.
1008.
1023.
1047.
1031.
969.
984.
1016.
1039.
1008.
1062.
1078.
1055.
1008.
992.
1023.
1094.
1039.
1000.
1070.
1125.
1094.
1047.
1023.
1039.
1047.
1055.
1008.
1023.
1023.
1008.
992.
984.
1031.
1062.
1023.
1008.
1086.
1117.
1078.
1000.
1031.
1039.
1023.
1016.
1055.
1102.
1086.
1055.
1102.
1117.
1078.
1008.
1047.
1086.
1055.
984.
1023.
1070.
1055.
1008.
1008.
1047.
1047.
1000.
953.
992.
1039.
1016.
984.
984.
1039.
1109.
1086.
1055.
1148.
1086.
1016.
1031.
1031.
1008.
992.
1023.
1047.
1039.
977.
938.
938.
852.
805.
789.
711.
727.
703.
734.
781.
805.
781.
766.
766.
719.
750.
734.
719.
703.
719.
727.
781.
1117.
1125.
1102.
1242.
1266.
1242.
1172.
1141.
1125.
1117.
1164.
1156.
1172.
1164.
1148.
1164.
1133.
1148.
1086.
1094.
1078.
1117.
1109.
1133.
1133.
1109.
1062.
1000.
1016.
1094.
1000.
961.
1008.
945.
992.
984.
1055.
1211.
1250.
1188.
1148.
1164.
1125.
1047.
992.
1016.
1133.
1062.
1000.
1070.
1156.
1086.
1023.
992.
1062.
1078.
1070.
1039.
1062.
1102.
1070.
1016.
969.
1070.
1125.
1086.
1070.
1062.
1086.
1062.
1016.
984.
1047.
1078.
1055.
1000.
1055.
1094.
1078.
1016.
1070.
1102.
1094.
1031.
1008.
1047.
1055.
1039.
1047.
1250.
1188.
1102.
1125.
1109.
1086.
1016.
992.
1047.
1125.
1094.
1023.
1078.
1047.
1031.
1023.
1039.
1023.
1031.
1000.
969.
1055.
1234.
1172.
1086.
1109.
1148.
1055.
1023.
1086.
1031.
1078.
1141.
1195.
1180.
1109.
1094.
1148.
1117.
1047.
1023.
1023.
1047.
1039.
1008.
1070.
1086.
1000.
1000.
1000.
1016.
961.
938.
977.
1008.
977.
984.
1031.
1086.
1086.
1039.
1094.
1086.
1055.
1008.
1023.
1055.
1086.
1062.
1055.
1094.
1133.
1047.
1008.
1047.
1133.
1109.
1047.
1016.
1086.
1102.
1023.
1008.
1031.
1094.
1039.
1008.
1062.
1141.
1148.
1070.
1086.
1102.
1031.
984.
977.
906.
859.
789.
781.
750.
758.
781.
805.
797.
812.
789.
797.
820.
805.
805.
812.
812.
820.
836.
828.
852.
898.
883.
969.
1156.
1188.
1094.
1016.
938.
1039.
1281.
1180.
1117.
1070.
1109.
1117.
1102.
1117.
1125.
1141.
1031.
969.
906.
883.
875.
906.
930.
1094.
1156.
1305.
1211.
1055.
969.
945.
938.
961.
1188.
1266.
1195.
1125.
1188.
1164.
1117.
1062.
1000.
1016.
1047.
1086.
1055.
1023.
1117.
1148.
1102.
1039.
961.
984.
1016.
1039.
1008.
984.
1062.
1102.
1047.
1031.
1039.
1070.
1094.
1062.
1000.
969.
938.
883.
828.
820.
836.
1148.
1141.
1164.
1242.
1180.
1086.
1156.
1156.
1117.
1031.
992.
1000.
1031.
1062.
1078.
1125.
1102.
1023.
1000.
1047.
1086.
1070.
1055.
1055.
1055.
1016.
969.
984.
1016.
1031.
1023.
969.
1000.
1062.
1117.
1070.
1055.
1055.
1062.
1039.
977.
1000.
1016.
1062.
1039.
1031.
1086.
1164.
1133.
1078.
1000.
992.
1016.
1047.
992.
1008.
1133.
1172.
1102.
1047.
1047.
1086.
1086.
1047.
992.
1047.
1062.
1016.
1008.
1070.
1070.
984.
969.
1016.
1070.
1070.
1023.
1234.
1188.
1086.
1000.
1055.
1086.
1047.
1008.
1023.
1102.
1141.
1078.
1070.
1047.
1086.
961.
953.
1008.
1156.
1211.
1133.
1148.
1203.
1156.
1086.
1008.
1070.
1086.
1039.
1023.
1078.
1156.
1109.
1078.
1023.
1094.
1078.
1039.
992.
1047.
1070.
1039.
992.
1047.
1070.
1047.
969.
945.
945.
992.
1039.
984.
992.
1031.
1094.
1078.
984.
984.
969.
906.
836.
828.
953.
1461.
1172.
1234.
1219.
1117.
1086.
1094.
1062.
1000.
1023.
1062.
1070.
1023.
1047.
1094.
1102.
1086.
1047.
1070.
1094.
1008.
977.
1016.
1047.
1148.
1109.
1141.
1117.
1125.
1117.
1125.
1070.