539  
1317  
939  
933  
889  
897  
539  
1300  
944  
881  
861  
928  
531  
1272  
925  
869  
917  
911  
864  
953  
933  
867  
547  
1303  
553  
1342  
533  
1331  
569  
1272  
631  
1239  
550  
1333  
883  
897  
878  
839  
542  
1286  
542  
1286  
569  
1286  
536  
1306  
881  
867  
903  
875  
522  
1342  
919  
531  
1319  
939  
542  
1339  
592  
1356  
925  
531  
1317  
539  
1297  
575  
1225  
925  
883  
886  
947  
922  
978  
947  
897  
536  
1369  
878  
917  
908  
883  
886  
914  
522  
1356  
964  
936  
892  
911  
572  
1322  
525  
1364  
544  
1292  
933  
867  
894  
911  
886  
897  
928  
911  
911  
939  
953  
911  
969  
942  
917  
956  
911  
903  
961  
906  
894  
944  
903  
883  
906  
878  
908  
903  
906  
917  
911  
528  
1303  
922  
894  
869  
886  
903  
864  
881  
542  
1286  
944  
911  
892  
925  
883  
536  
1306  
544  
1311  
656  
1247  
950  
881  
544  
1292  
908  
528  
1319  
911  
908  
886  
869  
539  
1294  
958  
908  
878  
919  
892  
886  
922  
892  
883  
931  
872  
519  
1331  
886  
514  
1300  
886  
536  
1264  
553  
1297  
869  
508  
1264  
858  
911  
911  
886  
544  
1406  
903  
547  
1381  
986  
536  
1356  
936  
528  
1322  
928  
544  
1333  
544  
1325  
917  
528  
1278  
567  
1289  
567  
1286  
633  
1258  
531  
1322  
558  
1300  
939  
897  
894  
956  
914  
519  
1347  
567  
1339  
922  
886  
553  
1336  
542  
1333  
547  
1311  
933  
872  
931  
928  
875  
928  
942  
939  
942  
961  
967  
525  
1319  
953  
886  
536  
1325  
542  
1333  
914  
847  
550  
1294  
542  
1317  
875  
544  
1306  
886  
547  
1303  
931  
539  
1314  
728  
1239  
881  
536  
1328  
967  
894  
867  
950  
528  
1303  
956  
914  
908  
892  
528  
1328  
936  
892  
875  
900  
542  
1328  
933  
936  
892  
531  
1306  
531  
1325  
917  
875  
531  
1317  
892  
886  
533  
1303  
550  
1281  
592  
1294  
883  
531  
1258  
872  
542  
1242  
875  
589  
1217  
522  
1331  
539  
1303  
589  
1256  
931  
533  
1283  
900  
531  
1294  
889  
525  
1300  
906  
522  
1294  
903  
533  
1294  
528  
1311  
858  
839  
875  
844  
886  
914  
864  
522  
1339  
544  
1283  
903  
861  
542  
1294  
881  
558  
1281  
875  
536  
1264  
889  
536  
1231  
908  
522  
1228  
881  
525  
1269  
908  
886  
872  
533  
1264  
544  
1253  
889  
856  
861  
881  
856  
878  
889  
856  
883  
931  
869  
883  
925  
869  
514  
1289  
536  
1303  
906  
853  
564  
1281  
536  
1286  
872  
525  
1275  
875  
514  
1281  
875  
519  
1272  
886  
544  
1283  
881  
550  
1294  
856  
519  
1258  
889  
875  
892  
928  
897  
911  
903  
897  
931  
547  
1303  
961  
889  
850  
911  
867  
886  
911  
867  
897  
925  
881  
878  
914  
894  
908  
894  
881  
903  
892  
861  
889  
911  
892  
869  
903  
911  
839  
869  
531  
1269  
936  
906  
856  
903  
550  
1292  
933  
867  
894  
922  
867  
919  
944  
892  
511  
1333  
908  
547  
1325  
897  
556  
1331  
881  
533  
1269  
894  
525  
1253  
558  
1278  
883  
844  
528  
1325  
886  
906  
947  
886  
889  
931  
886  
528  
1342  
536  
1328  
942  
861  
547  
1303  
550  
1314  
547  
1308  
928  
850  
881  
894  
531  
1317  
939  
933  
881  
892  
547  
1300  
972  
911  
875  
939  
881  
881  
936  
875  
894  
942  
906  
897  
928  
897  
878  
900  
903  
900  
889  
883  
892  
900  
878  
867  
903  
900  
875  
903  
897  
900  
911  
894  
883  
931  
892  
900  
925  
883  
897  
900  
875  
886  
928  
908  
869  
947  
931  
864  
914  
897  
886  
908  
883  
900  
914  
881  
883  
900  
900  
903  
903  
903  
878  
867  
864  
858  
875  
892  
856  
906  
556  
1292  
944  
908  
875  
933  
517  
1319  
969  
922  
897  
908  
525  
1350  
953  
914  
900  
908  
517  
1322  
953  
908  
858  
908  
881  
533  
1331  
894  
531  
1372  
911  
525  
1353  
928  
522  
1311  
931  
539  
1311  
928  
533  
1314  
553  
1325  
889  
547  
1275  
922  
547  
1283  
883  
517  
1278  
542  
1297  
858  
556  
1247  
861  
536  
1333  
942  
522  
1333  
925  
917  
892  
892  
900  
917  
881  
550  
1322  
900  
533  
1300  
536  
1325  
889  
850  
892  
886  
869  
911  
522  
1308  
969  
875  
864  
933  
525  
1314  
975  
911  
906  
922  
519  
1364  
958  
892  
864  
911  
917  
867  
919  
919  
869  
906  
903  
886  
933  
886  
881  
947  
869  
511  
1322  
897  
531  
1314  
903  
903  
897  
856  
881  
914  
908  
869  
928  
908  
906  
914  
903  
903  
947  
889  
533  
1358  
917  
536  
1303  
906  
533  
1328  
883  
919  
886  
850  
542  
1322  
906  
542  
1314  
894  
894  
883  
883  
522  
1297  
914  
536  
1294  
942  
911  
856  
878  
900  
881  
878  
900  
900  
897  
875  
894  
872  
917  
908  
856  
922  
528  
1297  
947  
881  
903  
922  
519  
1325  
953  
875  
875  
869  
533  
1303  
919  
892  
886  
914  
511  
1333  
964  
922  
903  
939  
897  
528  
1333  
906  
525  
1350  
906  
525  
1336  
550  
1364  
903  
925  
939  
878  
522  
1336  
544  
1311  
922  
872  
536  
1308  
542  
1331  
942  
864  
903  
919  
892  
525  
1317  
919  
533  
1311  
897  
528  
1319  
917  
517  
1319  
558  
1319  
542  
1286  
928  
858  
528  
1319  
919  
514  
1331  
903  
539  
1331  
900  
544  
1297  
903  
528  
1283  
544  
1286  
550  
1300  
664  
1233  
956  
900  
900  
906  
514  
1344  
958  
897  
892  
928  
917  
872  
908  
914  
908  
900  
886  
881  
925  
861  
869  
928  
875  
867  
917  
864  
897  
917  
514  
1306  
953  
886  
903  
900  
883  
539  
1350  
536  
1339  
944  
881  
517  
1353  
553  
1314  
933  
897  
528  
1328  
944  
525  
1350  
536  
1333  
908  
878  
883  
872  
867  
928  
903  
892  
964  
928  
892  
939  
906  
917  
911  
878  
542  
1350  
897  
917  
919  
900  
881  
886  
903  
864  
867  
875  
869  
917  
875  
522  
1322  
908  
531  
1314  
889  
922  
911  
861  
908  
917  
856  
911  
914  
911  
894  
917  
528  
1339  
939  
936  
883  
922  
536  
1306  
969  
903  
883  
936  
889  
897  
939  
875  
519  
1372  
542  
1319  
919  
883  
544  
1306  
914  
903  
556  
1283  
922  
911  
889  
547  
1319  
906  
917  
908  
917  
883  
928  
911  
867  
569  
1311  
883  
875  
881  
889  
856  
892  
528  
1319  
944  
933  
875  
939  
928  
883  
936  
908  
886  
944  
922  
914  
958  
906  
933  
922  
869  
536  
1322  
922  
556  
1292  
931  
528  
1281  
919  
528  
1306  
931  
531  
1317  
906  
531  
1269  
878  
528  
1306  
869  
522  
1294  
558  
1294  
533  
1278  
925  
864  
856  
886  
542  
1275  
922  
889  
881  
533  
1314  
569  
1303  
933  
872  
525  
1308  
539  
1286  
917  
867  
900  
900  
875  
933  
881  
525  
1367  
572  
1308  
936  
875  
906  
894  
883  
897  
922  
869  
881  
906  
883  
886  
892  
894  
900  
903  
889  
875  
911  
908  
875  
925  
533  
1306  
933  
883  
858  
531  
1286  
553  
1306  
944  
881  
881  
931  
919  
897  
903  
917  
892  
894  
894  
878  
942  
903  
881  
969  
936  
883  
950  
919  
522  
1350  
525  
1344  
969  
858  
875  
883  
883  
869  
889  
903  
878  
894  
886  
886  
922  
903  
903  
950  
906  
531  
1361  
550  
1389  
561  
1378  
997  
942  
939  
936  
931  
958  
947  
953  
556  
1375  
981  
519  
1378  
561  
1353  
536  
1367  
950  
914  
522  
1369  
956  
917  
953  
939  
919  
536  
1350  
542  
1378  
542  
1342  
1000  
917  
889  
900  
947  
903  
886  
539  
1347  
519  
1317  
553  
1331  
931  
536  
1311  
872  
806  
808  
536  
983  
544  
908  
536  
858  
733  
681  
525  
1228  
833  
847  
867  
844  
511  
1328  
864  
858  
897  
522  
1333  
522  
1303  
581  
1292  
525  
1300  
528  
1281  
856  
800  
858  
844  
542  
1253  
528  
1269  
558  
1217  
861  
822  
814  
531  
1153  
522  
1172  
600  
1067  
536  
1158  
583  
1042  
753  
753  
781  
808  
519  
1239  
906  
861  
886  
867  
528  
1269  
892  
519  
1250  
872  
508  
1225  
858  
525  
1189  
842  
539  
1194  
550  
1183  
561  
1192  
539  
1169  
522  
1175  
825  
803  
797  
531  
1197  
544  
1164  
839  
819  
836  
522  
1197  
822  
833  
819  
517  
1167  
522  
1136  
803  
519  
1067  
794  
750  
525  
1053  
769  
767  
539  
967  
744  
550  
989  
617  
711  
778  
742  
517  
1122  
822  
517  
1281  
897  
517  
1417  
983  
497  
1450  
967  
958  
925  
928  
547  
1383  
539  
1353  
539  
1353  
536  
1303  
897  
903  
886  
867  
544  
1311  
928  
514  
1322  
536  
1306  
878  
517  
1317  
889  
881  
547  
1303  
508  
1303  
533  
1353  
908  
931  
547  
1342  
925  
917  
533  
1358  
536  
1331  
931  
533  
1331  
533  
1347  
944  
514  
1353  
947  
531  
1297  
928  
531  
1300  
936  
525  
1303  
553  
1225  
522  
1267  
867  
864  
903  
947  
525  
1450  
550  
1472  
611  
1367  
544  
1442  
508  
1333  
542  
1317  
547  
1311  
908  
919  
519  
1331  
531  
1417  
922  
928  
919  
925  
522  
1367  
953  
542  
1367  
947  
961  
528  
1317  
533  
1353  
553  
1342  
956  
936  
536  
1336  
536  
1367  
553  
1322  
539  
1361  
542  
1319  
531  
1314  
558  
1267  
539  
1239  
831  
828  
775  
800  
839  
819  
817  
894  
894  
872  
933  
950  
928  
958  
978  
975  
958  
531  
1422  
550  
1364  
528  
1297  
586  
1267  
875  
525  
1214  
878  
528  
1194  
544  
1244  
822  
858  
875  
892  
919  
536  
1314  
539  
1331  
542  
1317  
536  
1336  
542  
1303  
908  
525  
1225  
553  
1197  
844  
822  
517  
1203  
542  
1169  
864  
522  
1267  
894  
528  
1311  
539  
1311  
542  
1419  
544  
1400  
986  
547  
1364  
986  
525  
1375  
564  
1364  
953  
531  
1350  
950  
917  
525  
1347  
547  
1358  
939  
908  
553  
1333  
553  
1378  
919  
542  
1358  
953  
925  
900  
533  
1386  
942  
981  
925  
911  
561  
1336  
567  
1350  
922  
550  
1303  
897  
881  
536  
1286  
533  
1211  
883  
533  
1200  
556  
1242  
892  
892  
528  
1381  
547  
1331  
569  
1294  
931  
528  
1253  
906  
519  
1239  
894  
522  
1303  
906  
531  
1294  
889  
539  
1239  
531  
1281  
553  
1242  
869  
872  
894  
919  
528  
1364  
564  
1378  
531  
1347  
581  
1289  
608  
1244  
547  
1267  
558  
1272  
867  
869  
856  
886  
900  
908  
956  
953  
936  
978  
967  
975  
992  
939  
986  
967  
925  
947  
961  
975  
522  
1411  
561  
1358  
572  
1333  
575  
1311  
567  
1267  
911  
531  
1264  
889  
881  
547  
1225  
550  
1178  
531  
1064  
767  
519  
961  
750  
722  
711  
722  
731  
544  
947  
775  
525  
1028  
553  
1033  
758  
750  
556  
1061  
594  
1047  
803  
853  
544  
1183  
878  
897  
544  
1333  
981  
947  
933  
528  
1456  
953  
931  
528  
1383  
931  
942  
906  
931  
936  
850  
853  
528  
1128  
542  
1244  
858  
842  
589  
1203  
536  
1278  
867  
881  
536  
1253  
542  
1156  
797  
797  
528  
1144  
794  
797  
783  
528  
1094  
567  
1097  
825  
806  
544  
1111  
822  
828  
867  
844  
522  
1367  
525  
1392  
906  
528  
1331  
931  
514  
1411  
1019  
539  
1433  
558  
1408  
1006  
542  
1433  
528  
1469  
956  
922  
944  
922  
914  
531  
1411  
542  
1314  
969  
894  
861  
539  
1258  
536  
1272  
889  
836  
828  
894  
542  
1317  
950  
911  
889  
894  
906  
889  
956  
947  
917  
956  
1003  
964  
911  
567  
1372  
925  
522  
1353  
903  
883  
914  
919  
961  
553  
1406  
972  
992  
950  
981  
528  
1464  
561  
1464  
947  
506  
1428  
947  
950  
900  
897  
575  
1339  
908  
522  
1331  
917  
903  
883  
867  
878  
906  
889  
883  
969  
914  
875  
547  
1333  
522  
1328  
947  
914  
869  
517  
1314  
553  
1272  
578  
1286  
931  
911  
564  
1381  
969  
542  
1417  
956  
539  
1397  
969  
942  
958  
933  
931  
1011  
958  
956  
1003  
978  
942  
950  
978  
956  
914  
975  
961  
900  
919  
939  
947  
944  
947  
953  
906  
953  
950  
903  
947  
947  
922  
936  
947  
908  
919  
942  
953  
914  
922  
922  
908  
928  
928  
906  
531  
1342  
547  
1350  
964  
886  
872  
889  
875  
858  
856  
892  
881  
856  
908  
889  
878  
542  
1319  
922  
908  
931  
928  
908  
547  
1383  
950  
933  
975  
942  
944  
956  
981  
942  
919  
983  
969  
914  
533  
1325  
919  
897  
881  
897  
878  
881  
906  
869  
936  
942  
889  
