1019.
1128.
1113.
1093.
1136.
1050.
1093.
1058.
996.
1031.
988.
1070.
1136.
1093.
1195.
1160.
1164.
1113.
1039.
1042.
960.
980.
953.
1082.
1074.
1128.
1171.
1109.
1105.
1035.
1121.
1140.
1046.
1121.
1066.
1109.
1144.
1062.
1105.
1125.
1109.
1121.
1093.
1156.
1136.
1101.
1156.
1089.
1128.
1101.
996.
1058.
1066.
933.
992.
1039.
1125.
1210.
1171.
1230.
1113.
1187.
1148.
1136.
1187.
1097.
1125.
1074.
1066.
1125.
1066.
1121.
1050.
1058.
1121.
1058.
1117.
1078.
1078.
1082.
972.
996.
953.
1035.
1027.
1121.
1148.
1152.
1136.
1082.
1093.
1015.
1078.
1042.
1007.
1054.
1085.
1085.
1164.
1062.
1074.
1160.
1070.
1136.
1117.
1132.
1148.
1050.
1074.
1082.
996.
1074.
1105.
1117.
1136.
1062.
1105.
1062.
1078.
1125.
1085.
1089.
1054.
1011.
1113.
1089.
1074.
1078.
1035.
1074.
1117.
1039.
1113.
1031.
1015.
1074.
1074.
1074.
1058.
976.
960.
1003.
1023.
1121.
1078.
1105.
1062.
1003.
1070.
1082.
1085.
1167.
1085.
1140.
1101.
1164.
1148.
1152.
1164.
1074.
1113.
1113.
1082.
1144.
1105.
1097.
1125.
1054.
1113.
1109.
1062.
1082.
1097.
1070.
1113.
1042.
1066.
1140.
1058.
1078.
1125.
1042.
1082.
1003.
941.
1019.
1125.
1300.
1214.
1195.
1164.
1121.
1070.
1105.
1132.
1070.
855.
746.
707.
695.
679.
679.
671.
671.
679.
667.
644.
640.
644.
656.
656.
664.
656.
660.
667.
667.
671.
679.
687.
699.
718.
753.
824.
761.
742.
781.
906.
1187.
1089.
1066.
1058.
1128.
1066.
968.
890.
906.
1339.
1132.
1222.
1187.
1144.
1195.
1113.
1199.
1250.
1109.
1156.
1136.
1031.
1117.
1128.
1167.
1246.
1156.
1160.
1210.
1089.
1121.
1152.
1101.
1125.
1160.
1125.
1195.
1156.
1187.
1199.
1066.
1078.
1062.
1011.
1042.
1140.
1058.
953.
812.
734.
707.
683.
667.
660.
679.
808.
980.
1105.
1042.
968.
1285.
1148.
1191.
1195.
1250.
1179.
1253.
1199.
1226.
1226.
1093.
1273.
1218.
1035.
1042.
1253.
1226.
1234.
1148.
1218.
1109.
1097.
1136.
1050.
1148.
1160.
1132.
1125.
984.
1042.
1085.
1199.
1160.
1109.
1199.
1113.
1035.
1003.
972.
1199.
1085.
1167.
1121.
1203.
1074.
1144.
1105.
1121.
1234.
1156.
1187.
1234.
1121.
1171.
1128.
1171.
1238.
1148.
1230.
1125.
1066.
1175.
1171.
1144.
1171.
1101.
1152.
1062.
1070.
988.
925.
863.
742.
726.
722.
734.
742.
738.
714.
882.
1246.
1042.
953.
777.
789.
1265.
1191.
1226.
1207.
1097.
1093.
1246.
1160.
1101.
1074.
988.
1132.
1027.
1046.
1003.
910.
812.
769.
753.
757.
792.
878.
933.
886.
812.
789.
761.
730.
714.
746.
792.
949.
1285.
1128.
1183.
1210.
1199.
1121.
941.
851.
851.
804.
800.
785.
773.
843.
949.
992.
1406.
1261.
1171.
1144.
1093.
1148.
1121.
1003.
1113.
1136.
1011.
1058.
1042.
984.
1234.
1195.
1156.
1164.
996.
1031.
1011.
996.
1265.
1179.
1195.
1152.
1160.
1152.
1167.
1101.
1187.
1164.
1171.
1140.
1121.
1191.
1152.
1148.
1074.
1011.
1164.
1132.
1125.
1085.
1078.
1183.
1128.
1109.
1156.
1089.
1156.
1148.
1066.
1042.
976.
921.
949.
1039.
1132.
1296.
1195.
1203.
1117.
1187.
1117.
1164.
1226.
1105.
1156.
1187.
1261.
1148.
1199.
1109.
1070.
1066.
1058.
1011.
1117.
1039.
1023.
1015.
1042.
1179.
1082.
1085.
1070.
1019.
1011.
1093.
1011.
1128.
1070.
1136.
1183.
1101.
1175.
1152.
1082.
1105.
1011.
941.
921.
863.
765.
769.
765.
738.
707.
792.
1304.
1226.
1207.
1214.
1152.
1203.
1128.
1125.
1199.
1140.
1175.
1226.
1019.
949.
1070.
1050.
1222.
1199.
1109.
1171.
1132.
1187.
1152.
1152.
1246.
1144.
1152.
1078.
1000.
1082.
1242.
1175.
1183.
1019.
964.
1046.
1039.
1394.
1246.
1296.
1242.
1191.
1175.
1093.
1125.
1203.
1113.
1207.
1175.
1164.
1230.
1121.
1187.
1117.
1039.
1117.
1121.
1136.
1117.
1027.
1042.
1011.
1144.
1195.
1140.
1101.
1046.
1031.
1187.
1125.
1226.
1175.
1183.
1253.
1179.
1203.
1238.
1148.
1179.
1167.
1093.
1089.
1144.
1101.
1171.
1156.
1136.
1203.
1132.
1089.
976.
839.
843.
1429.
1312.
1292.
1269.
1242.
1160.
1257.
1234.
1175.
1253.
1175.
1175.
1171.
1089.
1097.
1144.
1109.
1113.
1195.
1121.
1101.
1156.
1082.
1105.
1105.
1027.
1023.
1113.
1046.
1082.
1156.
1062.
1105.
1144.
1085.
1167.
1105.
1066.
1160.
1097.
1082.
1191.
1128.
1144.
1128.
1062.
1085.
1097.
984.
1128.
1179.
1171.
1261.
1121.
1160.
1218.
1101.
1175.
1156.
1121.
1199.
1136.
1152.
1128.
1113.
1171.
1113.
1105.
1164.
1066.
1093.
1156.
1050.
1132.
1152.
1089.
1113.
1125.
1101.
1031.
1031.
882.
890.
1363.
1214.
1187.
1167.
1062.
863.
898.
882.
1332.
1070.
1128.
1003.
1007.
1003.
914.
1074.
1105.
1175.
1035.
964.
800.
765.
765.
796.
839.
1343.
1152.
1203.
1082.
1046.
898.
812.
824.
859.
910.
1375.
1140.
1109.
1070.
972.
1023.
1027.
988.
1050.
1109.
1035.
1058.
1093.
1003.
984.
1042.
1089.
1175.
1125.
1164.
1128.
1093.
1109.
1117.
1078.
1117.
1023.
1054.
1035.
1066.
1089.
1078.
1074.
1011.
937.
828.
843.
863.
1382.
1089.
1113.
1105.
1101.
1003.
863.
812.
820.
984.
1378.
1167.
1152.
1089.
1089.
1054.
1050.
1023.
882.
863.
878.
902.
1304.
1015.
992.
898.
886.
1257.
1058.
976.
1023.
1039.
1015.
1058.
1027.
1082.
1023.
1070.
1035.
1089.
1062.
1089.
1011.
1007.
988.
1035.
1054.
960.
1019.
980.
960.
1035.
968.
1007.
1027.
976.
988.
1000.
878.
906.
933.
1285.
1003.
886.
960.
980.
1015.
1304.
945.
890.
894.
871.
1050.
1308.
1117.
1042.
1023.
957.
832.
859.
875.
1285.
1070.
1027.
1003.
859.
890.
910.
910.
996.
984.
863.
980.
968.
894.
910.
855.
832.
851.
839.
871.
882.
878.
1019.
906.
878.
894.
824.
875.
925.
972.
1183.
976.
867.
859.
828.
843.
859.
871.
1316.
1054.
1035.
960.
902.
820.
832.
933.
1261.
1035.
957.
875.
875.
894.
890.
957.
1023.
890.
917.
843.
835.
851.
972.
902.
941.
910.
851.
957.
890.
808.
832.
843.
851.
953.
890.
914.
906.
871.
1007.
917.
890.
878.
863.
886.
910.
882.
890.
820.
804.
808.
835.
882.
921.
929.
968.
890.
988.
914.
921.
1164.
941.
941.
925.
890.
902.
863.
855.
882.
886.
1261.
1082.
964.
871.
894.
894.
859.
925.
957.
875.
898.
863.
890.
902.
882.
984.
933.
902.
882.
863.
890.
839.
890.
894.
933.
1000.
898.
957.
882.
953.
898.
945.
890.
917.
902.
871.
1277.
1007.
894.
890.
875.
933.
1050.
972.
1062.
941.
910.
886.
906.
878.
835.
937.
878.
992.
867.
953.
890.
960.
898.
843.
847.
843.
886.
933.
925.
972.
976.
882.
902.
832.
847.
855.
855.
871.
882.
882.
945.
902.
867.
882.
867.
855.
882.
964.
917.
917.
1089.
894.
882.
847.
855.
945.
937.
937.
1191.
964.
925.
929.
851.
863.
875.
1285.
1093.
1046.
960.
964.
925.
890.
835.
804.
835.
1292.
1074.
1066.
1035.
968.
1003.
1046.
1023.
1066.
1000.
1003.
1015.
988.
1042.
1039.
957.
968.
863.
921.
960.
941.
1007.
941.
945.
792.
757.
738.
746.
824.
1417.
1191.
1207.
1121.
1128.
1015.
839.
859.
878.
894.
1316.
1039.
960.
941.
992.
984.
1035.
1101.
945.
1007.
949.
933.
1000.
906.
996.
917.
906.
988.
917.
933.
875.
843.
886.
949.
1070.
1046.
917.
929.
851.
851.
902.
859.
851.
898.
921.
847.
902.
1097.
906.
921.
898.
949.
914.
976.
1199.
1000.
945.
945.
933.
933.
933.
910.
996.
949.
1277.
960.
929.
914.
867.
953.
1332.
1058.
1105.
996.
1015.
1035.
957.
996.
1046.
968.
1011.
976.
953.
929.
832.
828.
843.
906.
882.
996.
906.
925.
921.
878.
910.
929.
898.
941.
890.
871.
941.
890.
898.
855.
878.
832.
875.
1011.
882.
894.
929.
902.
882.
968.
957.
898.
929.
921.
886.
894.
871.
937.
906.
902.
921.
925.
976.
1003.
812.
792.
789.
781.
808.
949.
1312.
1042.
839.
820.
781.
789.
1285.
1082.
1035.
1007.
960.
1011.
1023.
980.
996.
1042.
1070.
953.
972.
984.
960.
1117.
1140.
1011.
1070.
1097.
976.
992.
1031.
945.
953.
949.
964.
964.
1042.
1019.
1062.
1058.
1042.
1050.
1007.
1050.
1000.
1074.
1019.
1050.
1031.
976.
1054.
1035.
992.
1023.
972.
1015.
992.
968.
972.
984.
921.
871.
812.
820.
839.
902.
890.
941.
1296.
921.
843.
812.
835.
871.
921.
1386.
1062.
1031.
886.
890.
835.
855.
851.
824.
832.
871.
839.
855.
890.
882.
1269.
1035.
968.
937.
863.
886.
1019.
945.
1214.
941.
910.
988.
898.
835.
804.
769.
734.
714.
695.
675.
667.
667.
652.
648.
644.
636.
640.
628.
632.
628.
628.
628.
640.
656.
695.
718.
750.
785.
808.
843.
914.
871.
1207.
1070.
1039.
1089.
980.
1101.
1183.
1097.
1261.
1031.
1078.
1199.
1015.
1226.
1191.
1199.
1156.
1097.
1175.
1121.
1253.
1125.
1179.
1066.
1085.
1136.
1046.
1125.
1058.
1148.
1175.
1148.
1175.
1152.
1156.
1156.
1156.
1160.
1152.
1175.
1175.
1105.
1140.
1093.
1125.
1085.
1152.
1109.
1031.
988.
953.
1066.
1003.
1058.
1113.
976.
1019.
1015.
933.
1003.
1035.
968.
1058.
1054.
992.
992.
945.
941.
937.
882.
878.
1296.
1214.
1218.
1089.
1121.
1093.
1070.
1144.
1085.
1082.
1074.
1097.
1101.
1070.
1128.
1078.
1105.
1128.
1027.
1000.
1007.
1023.
1226.
1054.
1109.
1054.
1042.
1089.
1121.
1093.
1125.
1070.
1050.
1062.
1019.
1070.
1070.
1058.
1066.
1105.
1015.
1082.
980.
1015.
988.
941.
1031.
992.
984.
957.
902.
980.
921.
921.
945.
949.
1070.
1039.
1066.
1011.
1039.
984.
1046.
1039.
1003.
1015.
1031.
1074.
1035.
1003.
960.
878.
878.
1246.
1093.
1039.
1066.
1082.
1042.
1066.
1019.
1039.
1000.
968.
1003.
1011.
960.
968.
917.
953.
945.
988.
1007.
988.
937.
953.
992.
957.
1027.
992.
1039.
1117.
1062.
1070.
1050.
992.
1007.
953.
917.
863.
886.
855.
1210.
1089.
957.
929.
898.
855.
1039.
1062.
925.
1085.
1074.
878.
910.
937.
898.
1265.
1046.
980.
1046.
1074.
1015.
1082.
1074.
1085.
1105.
1019.
1023.
1042.
1085.
1039.
1062.
1078.
1046.
1070.
1007.
1031.
1035.
980.
1003.
1023.
1035.
980.
988.
972.
945.
988.
1015.
1093.
1070.
1136.
1066.
1078.
1027.
1074.
1039.
1027.
1046.
1054.
1066.
1105.
1074.
1136.
1031.
1019.
984.
859.
1003.
1039.
914.
1062.
984.
878.
921.
960.
871.
914.
1015.
1085.
875.
875.
910.
894.
1246.
1039.
1039.
996.
906.
1105.
988.
902.
980.
1011.
1015.
1089.
1019.
1003.
992.
968.
914.
1097.
976.
1257.
1058.
1074.
937.
1019.
1277.
1113.
1121.
1019.
1019.
1054.
1027.
1085.
1066.
1054.
1140.
1050.
1062.
1035.
1011.
1085.
1105.
1062.
1105.
1050.
1105.
1066.
1109.
1042.
972.
957.
972.
957.
1312.
1078.
1082.
1035.
1046.
1093.
1027.
1019.
1007.
921.
925.
839.
863.
964.
843.
796.
777.
761.
796.
1304.
1183.
1105.
1074.
1003.
910.
949.
1164.
933.
972.
1351.
1160.
1085.
1152.
1093.
1101.
1187.
1058.
1035.
1148.
1113.
1089.
1167.
1066.
1109.
1035.
1023.
1058.
1035.
1125.
996.
988.
988.
1007.
1101.
1167.
1179.
1171.
1093.
1007.
1015.
910.
785.
734.
718.
433.
277.
695.
675.
699.
687.
683.
671.
667.
660.
648.
644.
644.
656.
671.
699.
718.
722.
757.
816.
839.
863.
937.
1175.
968.
839.
789.
761.
722.
734.
1414.
1285.
1234.
1234.
1121.
1066.
1152.
1078.
1082.
1101.
996.
925.
1000.
1078.
1027.
1113.
1042.
1105.
1128.
984.
1019.
1023.
968.
1089.
1132.
1078.
1152.
1046.
1089.
1078.
1062.
1070.
1101.
1015.
1074.
906.
855.
761.
769.
828.
820.
792.
753.
750.
718.
707.
707.
703.
691.
695.
687.
675.
671.
656.
648.
632.
628.
617.
609.
593.
589.
589.
578.
578.
570.
578.
585.
621.
644.
644.
667.
652.
656.
652.
640.
628.
617.
613.
605.
609.
601.
601.
601.
601.
593.
593.
593.
585.
582.
585.
574.
574.
566.
562.
554.
558.
558.
558.
562.
566.
582.
582.
582.
597.
593.
589.
593.
589.
585.
589.
582.
582.
582.
578.
582.
578.
582.
582.
585.
593.
585.
597.
597.
605.
597.
597.
593.
585.
582.
578.
562.
570.
558.
558.
558.
558.
566.
550.
562.
574.
578.
589.
632.
546.
523.
511.
777.
367.
406.
781.
785.
773.
792.
828.
835.
761.
687.
671.
691.
750.
714.
816.
1218.
972.
863.
761.
722.
714.
714.
746.
773.
781.
761.
734.
726.
699.
738.
765.
863.
1160.
898.
808.
781.
808.
792.
753.
726.
734.
906.
1210.
894.
812.
769.
765.
730.
734.
765.
722.
781.
699.
703.
789.
878.
789.
722.
707.
710.
699.
714.
769.
941.
937.
847.
859.
871.
777.
750.
710.
761.
738.
734.
726.
714.
734.
769.
386.
339.
695.
718.
792.
796.
742.
710.
714.
785.
1175.
910.
871.
761.
738.
734.
710.
746.
1222.
1015.
1093.
980.
945.
875.
832.
843.
941.
1261.
968.
937.
960.
914.
937.
980.
914.
941.
1003.
957.
890.
921.
910.
843.
773.
746.
781.
1207.
1027.
933.
960.
875.
906.
886.
898.
867.
761.
730.
742.
812.
1296.
1101.
1039.
937.
972.
972.
929.
996.
933.
976.
988.
917.
1011.
968.
957.
1023.
949.
1000.
945.
917.
882.
839.
738.
730.
785.
1238.
1078.
1066.
960.
980.
972.
1046.
968.
1011.
1039.
1000.
1058.
1000.
1046.
1003.
1023.
1019.
960.
1003.
1039.
949.
1011.
1027.
941.
1035.
960.
960.
937.
882.
925.
929.
882.
917.
867.
769.
742.
808.
894.
1207.
1003.
890.
863.
835.
914.
1210.
1027.
1015.
902.
980.
1261.
1019.
1097.
1066.
976.
1000.
980.
1000.
1054.
960.
937.
902.